179
None
0
628 614
0
636 608
16
1 0 0 0 0 561.0 414
2 0 0 0 0 1271.5 205
3 0 0 0 0 829.0 472
4 0 0 0 0 471.5 1033
5 0 0 0 0 585.0 668
6 0 0 0 0 292.0 114
7 0 0 0 0 1559.0 129
8 0 0 0 0 730.5 29
9 0 0 0 0 591.5 51
10 0 0 0 0 1169.5 33
11 0 0 0 0 1822.0 176
12 0 0 0 0 1238.5 20
13 0 0 0 0 779.0 25
14 0 0 0 0 1580.5 117
15 0 0 0 0 1147.5 36
17 0 0 0 0 1385.5 37
636 608
18
1 0 0 0 0 563.5 408
2 0 0 0 0 1271.5 204
3 0 0 0 0 829.5 472
4 0 0 0 0 489.5 1034
5 0 0 0 0 587.0 661
6 0 0 0 0 292.0 114
7 0 0 0 0 1559.0 129
8 0 0 0 0 730.5 29
9 0 0 0 0 591.0 51
10 0 0 0 0 1169.5 32
11 0 0 0 0 1822.0 176
12 0 0 0 0 1238.5 20
13 0 0 0 0 779.0 24
14 0 0 0 0 1579.5 116
15 0 0 0 0 1147.5 36
17 0 0 0 0 1385.5 37
18 0 0 0 0 1661.0 125
20 0 0 0 0 1355.0 31
644 601
19
1 0 0 0 0 572.5 372
2 0 0 0 0 1272.5 204
3 0 0 0 0 835.0 471
4 0 0 0 0 530.0 1011
5 0 0 0 0 590.5 653
6 0 0 0 0 292.0 114
7 0 0 0 0 1558.5 129
8 0 0 0 0 728.5 29
9 0 0 0 0 590.5 50
10 0 0 0 0 1169.5 33
11 0 0 0 0 1822.0 177
12 0 0 0 0 1238.5 20
13 0 0 0 0 777.5 25
14 0 0 0 0 1577.5 117
15 0 0 0 0 1147.5 36
17 0 0 0 0 1386.0 37
18 0 0 0 0 1658.0 125
20 0 0 0 0 1355.0 31
21 0 0 0 0 37.5 467
652 597
19
1 0 0 0 0 581.5 376
2 0 0 0 0 1272.5 203
3 0 0 0 0 835.5 470
4 0 0 0 0 579.0 1009
5 0 0 0 0 593.5 644
6 0 0 0 0 292.0 114
7 0 0 0 0 1558.0 131
8 0 0 0 0 727.5 30
9 0 0 0 0 590.5 49
10 0 0 0 0 1169.5 33
11 0 0 0 0 1821.5 177
12 0 0 0 0 1238.5 20
13 0 0 0 0 775.5 25
14 0 0 0 0 1576.5 118
15 0 0 0 0 1147.5 36
17 0 0 0 0 1386.0 37
18 0 0 0 0 1655.5 125
20 0 0 0 0 1355.0 31
21 0 0 0 0 59.0 434
652 597
22
1 0 0 0 0 584.0 377
2 0 0 0 0 1273.0 203
3 0 0 0 0 835.5 470
4 0 0 0 0 596.5 1008
5 0 0 0 0 594.5 641
6 0 0 0 0 292.0 114
7 0 0 0 0 1558.0 131
8 0 0 0 0 726.5 31
9 0 0 0 0 591.0 49
10 0 0 0 0 1169.5 33
11 0 0 0 0 1821.5 177
12 0 0 0 0 1238.5 20
13 0 0 0 0 775.0 25
14 0 0 0 0 1576.5 118
15 0 0 0 0 1147.5 36
17 0 0 0 0 1386.0 38
18 0 0 0 0 1655.0 124
21 0 0 0 0 64.0 427
22 0 0 0 0 1746.5 149
23 0 0 0 0 929.5 19
26 0 0 0 0 1288.5 23
28 0 0 0 0 652.0 596
None
24
1 0 0 0 0 591.5 372
2 0 0 0 0 1273.0 203
3 0 0 0 0 839.5 470
4 0 0 0 0 664.0 975
5 0 0 0 0 597.5 618
6 0 0 0 0 292.0 113
7 0 0 0 0 1558.0 130
8 0 0 0 0 725.5 31
9 0 0 0 0 590.5 48
10 0 0 0 0 1169.5 33
11 0 0 0 0 1821.5 177
12 0 0 0 0 1238.5 20
13 0 0 0 0 773.5 25
14 0 0 0 0 1575.5 119
15 0 0 0 0 1147.5 36
17 0 0 0 0 1386.0 38
18 0 0 0 0 1651.0 122
20 0 0 0 0 1356.5 32
21 0 0 0 0 87.0 437
22 0 0 0 0 1746.0 149
23 0 0 0 0 927.0 19
26 0 0 0 0 1288.5 23
28 0 0 0 0 653.0 596
29 0 0 0 0 1463.5 1078
None
23
1 0 0 0 0 601.0 371
2 0 0 0 0 1273.0 203
3 0 0 0 0 846.0 470
4 0 0 0 0 693.5 971
5 0 0 0 0 602.0 616
6 0 0 0 0 291.0 113
7 0 0 0 0 1558.5 130
8 0 0 0 0 725.0 29
9 0 0 0 0 591.5 49
10 0 0 0 0 1169.5 33
11 0 0 0 0 1822.0 177
12 0 0 0 0 1238.5 20
13 0 0 0 0 773.0 25
14 0 0 0 0 1574.5 120
15 0 0 0 0 1147.5 36
17 0 0 0 0 1386.0 38
18 0 0 0 0 1647.0 121
20 0 0 0 0 1358.0 32
21 0 0 0 0 109.0 429
22 0 0 0 0 1746.5 149
23 0 0 0 0 926.5 19
26 0 0 0 0 1287.5 23
29 0 0 0 0 1466.5 1077
None
22
1 0 0 0 0 604.0 371
2 0 0 0 0 1273.0 203
3 0 0 0 0 848.0 470
4 0 0 0 0 703.0 970
5 0 0 0 0 603.5 615
6 0 0 0 0 291.0 112
7 0 0 0 0 1558.5 131
8 0 0 0 0 725.0 29
9 0 0 0 0 592.0 49
10 0 0 0 0 1169.5 33
11 0 0 0 0 1822.0 178
12 0 0 0 0 1238.5 20
13 0 0 0 0 772.5 25
14 0 0 0 0 1573.5 121
15 0 0 0 0 1147.5 36
17 0 0 0 0 1386.0 38
18 0 0 0 0 1646.0 120
20 0 0 0 0 1358.0 32
21 0 0 0 0 116.0 426
22 0 0 0 0 1746.5 149
26 0 0 0 0 1287.5 23
29 0 0 0 0 1467.5 1077
673 581
26
1 0 0 0 0 612.0 380
2 0 0 0 0 1272.0 203
3 0 0 0 0 853.5 470
4 0 0 0 0 753.5 905
5 0 0 0 0 608.5 606
6 0 0 0 0 291.0 113
7 0 0 0 0 1559.0 131
8 0 0 0 0 724.5 29
9 0 0 0 0 591.5 49
10 0 0 0 0 1169.5 33
11 0 0 0 0 1822.5 178
12 0 0 0 0 1238.5 20
13 0 0 0 0 771.5 25
14 0 0 0 0 1571.5 120
15 0 0 0 0 1147.5 36
17 0 0 0 0 1386.0 38
18 0 0 0 0 1644.0 121
20 0 0 0 0 1358.5 32
21 0 0 0 0 132.5 440
22 0 0 0 0 1746.5 150
26 0 0 0 0 1287.5 23
28 0 0 0 0 672.0 581
29 0 0 0 0 1468.5 1078
30 0 0 0 0 1630.5 110
32 0 0 0 0 1426.5 41
33 0 0 0 0 973.5 18
679 575
25
1 0 0 0 0 622.5 382
2 0 0 0 0 1271.5 203
3 0 0 0 0 859.5 469
4 0 0 0 0 815.0 928
5 0 0 0 0 610.5 598
6 0 0 0 0 290.5 113
7 0 0 0 0 1558.5 131
8 0 0 0 0 724.0 30
9 0 0 0 0 590.5 50
10 0 0 0 0 1169.0 33
11 0 0 0 0 1822.5 178
12 0 0 0 0 1238.0 20
13 0 0 0 0 769.5 25
14 0 0 0 0 1570.5 120
15 0 0 0 0 1147.5 36
17 0 0 0 0 1386.5 38
18 0 0 0 0 1642.0 120
20 0 0 0 0 1359.0 33
21 0 0 0 0 148.0 442
26 0 0 0 0 1289.5 23
28 0 0 0 0 677.5 575
29 0 0 0 0 1467.5 1078
30 0 0 0 0 1629.5 111
32 0 0 0 0 1426.5 41
33 0 0 0 0 972.5 18
679 575
23
1 0 0 0 0 626.0 383
2 0 0 0 0 1271.0 203
3 0 0 0 0 861.5 468
4 0 0 0 0 835.5 935
5 0 0 0 0 611.0 596
6 0 0 0 0 290.5 113
7 0 0 0 0 1558.5 131
8 0 0 0 0 724.0 30
9 0 0 0 0 590.0 50
10 0 0 0 0 1169.0 32
12 0 0 0 0 1237.5 20
13 0 0 0 0 769.5 25
15 0 0 0 0 1147.5 36
17 0 0 0 0 1386.5 39
18 0 0 0 0 1641.0 120
20 0 0 0 0 1359.0 33
21 0 0 0 0 154.0 442
26 0 0 0 0 1290.5 23
28 0 0 0 0 679.5 574
29 0 0 0 0 1467.5 1078
32 0 0 0 0 1426.5 41
33 0 0 0 0 972.5 18
34 0 0 0 0 920.5 22
683 572
25
1 0 0 0 0 633.0 350
2 0 0 0 0 1269.0 203
3 0 0 0 0 867.0 468
4 0 0 0 0 858.0 918
5 0 0 0 0 615.0 584
6 0 0 0 0 290.5 113
7 0 0 0 0 1558.0 132
8 0 0 0 0 724.0 31
9 0 0 0 0 590.5 50
10 0 0 0 0 1169.0 32
11 0 0 0 0 1821.5 179
12 0 0 0 0 1237.5 19
13 0 0 0 0 769.0 26
15 0 0 0 0 1147.5 36
17 0 0 0 0 1386.5 38
18 0 0 0 0 1640.5 120
20 0 0 0 0 1359.5 34
21 0 0 0 0 171.5 441
23 0 0 0 0 915.5 21
26 0 0 0 0 1291.5 24
28 0 0 0 0 683.0 571
29 0 0 0 0 1467.5 1078
32 0 0 0 0 1426.0 41
33 0 0 0 0 972.5 17
34 0 0 0 0 920.0 22
688 567
24
1 0 0 0 0 639.5 376
2 0 0 0 0 1268.5 201
3 0 0 0 0 887.5 468
4 0 0 0 0 905.0 902
5 0 0 0 0 620.0 574
6 0 0 0 0 289.5 114
7 0 0 0 0 1556.5 131
8 0 0 0 0 725.0 31
9 0 0 0 0 591.0 50
10 0 0 0 0 1169.0 32
11 0 0 0 0 1822.0 178
12 0 0 0 0 1237.5 19
13 0 0 0 0 768.5 26
15 0 0 0 0 1147.5 36
17 0 0 0 0 1386.5 38
18 0 0 0 0 1637.5 120
20 0 0 0 0 1360.5 35
21 0 0 0 0 189.0 420
22 0 0 0 0 1745.0 149
23 0 0 0 0 914.5 22
26 0 0 0 0 1290.5 24
28 0 0 0 0 687.5 567
29 0 0 0 0 1464.5 1078
33 0 0 0 0 972.5 17
688 567
25
1 0 0 0 0 642.0 384
2 0 0 0 0 1269.0 201
3 0 0 0 0 895.5 468
4 0 0 0 0 921.0 897
5 0 0 0 0 621.5 571
6 0 0 0 0 289.5 114
7 0 0 0 0 1556.5 131
8 0 0 0 0 725.5 31
9 0 0 0 0 591.0 50
10 0 0 0 0 1169.0 32
11 0 0 0 0 1822.0 177
12 0 0 0 0 1237.5 18
13 0 0 0 0 769.0 27
15 0 0 0 0 1147.5 36
17 0 0 0 0 1386.5 38
18 0 0 0 0 1637.0 120
20 0 0 0 0 1360.5 35
21 0 0 0 0 195.0 412
22 0 0 0 0 1745.0 149
23 0 0 0 0 914.0 22
26 0 0 0 0 1290.5 24
28 0 0 0 0 689.0 566
29 0 0 0 0 1463.5 1078
33 0 0 0 0 972.5 16
36 0 0 0 0 55.0 873
692 565
26
1 0 0 0 0 650.0 383
2 0 0 0 0 1269.0 200
3 0 0 0 0 907.0 466
4 0 0 0 0 960.5 881
5 0 0 0 0 621.0 570
6 0 0 0 0 289.5 114
7 0 0 0 0 1556.5 131
8 0 0 0 0 725.5 32
9 0 0 0 0 591.0 49
10 0 0 0 0 1169.0 32
11 0 0 0 0 1822.0 177
12 0 0 0 0 1238.0 19
13 0 0 0 0 768.0 27
15 0 0 0 0 1147.5 36
17 0 0 0 0 1386.5 38
18 0 0 0 0 1629.0 114
20 0 0 0 0 1361.0 35
21 0 0 0 0 210.0 393
22 0 0 0 0 1743.0 148
23 0 0 0 0 913.5 22
26 0 0 0 0 1290.5 24
28 0 0 0 0 692.5 563
29 0 0 0 0 1467.0 1077
33 0 0 0 0 972.0 16
36 0 0 0 0 63.5 835
37 0 0 0 0 1330.5 40
699 560
24
1 0 0 0 0 660.5 374
2 0 0 0 0 1269.0 199
3 0 0 0 0 916.5 461
4 0 0 0 0 1004.0 847
5 0 0 0 0 615.5 572
6 0 0 0 0 289.5 114
7 0 0 0 0 1555.5 131
8 0 0 0 0 724.5 31
9 0 0 0 0 591.0 47
10 0 0 0 0 1168.0 33
12 0 0 0 0 1238.0 19
13 0 0 0 0 768.0 27
15 0 0 0 0 1147.0 36
17 0 0 0 0 1386.5 38
18 0 0 0 0 1623.5 113
21 0 0 0 0 227.0 392
22 0 0 0 0 1742.0 147
23 0 0 0 0 912.5 22
26 0 0 0 0 1290.5 24
28 0 0 0 0 698.5 560
29 0 0 0 0 1467.5 1078
33 0 0 0 0 972.0 16
36 0 0 0 0 72.5 796
37 0 0 0 0 1331.0 40
699 560
25
1 0 0 0 0 664.5 370
2 0 0 0 0 1269.0 199
3 0 0 0 0 920.0 459
4 0 0 0 0 1018.0 835
5 0 0 0 0 613.0 572
6 0 0 0 0 290.0 114
7 0 0 0 0 1555.5 131
8 0 0 0 0 724.5 31
9 0 0 0 0 591.5 47
10 0 0 0 0 1168.0 33
12 0 0 0 0 1238.0 19
13 0 0 0 0 768.0 27
15 0 0 0 0 1147.0 36
17 0 0 0 0 1386.5 38
18 0 0 0 0 1621.0 112
21 0 0 0 0 233.0 392
22 0 0 0 0 1741.5 147
23 0 0 0 0 912.0 23
26 0 0 0 0 1290.5 24
28 0 0 0 0 699.5 559
29 0 0 0 0 1467.5 1078
33 0 0 0 0 972.0 16
36 0 0 0 0 74.5 785
38 0 0 0 0 1655.0 97
39 0 0 0 0 934.5 19
703 557
26
1 0 0 0 0 672.5 366
2 0 0 0 0 1269.0 198
3 0 0 0 0 925.5 457
4 0 0 0 0 1067.0 828
5 0 0 0 0 609.5 573
6 0 0 0 0 289.5 114
7 0 0 0 0 1555.5 131
8 0 0 0 0 725.0 31
9 0 0 0 0 591.5 47
10 0 0 0 0 1167.5 34
12 0 0 0 0 1238.5 19
13 0 0 0 0 767.5 26
14 0 0 0 0 1544.0 108
15 0 0 0 0 1147.0 36
17 0 0 0 0 1386.5 38
18 0 0 0 0 1619.0 111
21 0 0 0 0 247.0 387
22 0 0 0 0 1741.0 146
23 0 0 0 0 911.0 23
26 0 0 0 0 1291.0 23
28 0 0 0 0 702.5 556
29 0 0 0 0 1467.0 1079
33 0 0 0 0 971.0 16
36 0 0 0 0 91.0 796
38 0 0 0 0 1654.5 97
39 0 0 0 0 934.5 18
706 551
25
1 0 0 0 0 684.0 331
2 0 0 0 0 1269.5 198
3 0 0 0 0 933.5 457
4 0 0 0 0 1115.5 829
5 0 0 0 0 614.5 572
6 0 0 0 0 289.5 114
7 0 0 0 0 1555.0 131
8 0 0 0 0 725.0 31
9 0 0 0 0 591.5 47
10 0 0 0 0 1167.5 34
12 0 0 0 0 1238.5 20
13 0 0 0 0 767.5 26
14 0 0 0 0 1540.0 107
15 0 0 0 0 1147.0 36
17 0 0 0 0 1386.0 37
18 0 0 0 0 1616.5 114
21 0 0 0 0 263.0 384
23 0 0 0 0 910.5 23
26 0 0 0 0 1291.0 23
28 0 0 0 0 706.0 552
29 0 0 0 0 1463.0 1079
33 0 0 0 0 971.0 16
36 0 0 0 0 109.5 791
38 0 0 0 0 1653.5 97
39 0 0 0 0 934.5 17
706 551
26
1 0 0 0 0 687.5 315
2 0 0 0 0 1269.5 198
3 0 0 0 0 937.0 457
4 0 0 0 0 1132.0 829
5 0 0 0 0 616.5 572
6 0 0 0 0 289.0 114
7 0 0 0 0 1555.0 132
8 0 0 0 0 725.0 31
9 0 0 0 0 592.0 47
10 0 0 0 0 1167.5 35
12 0 0 0 0 1238.5 20
13 0 0 0 0 767.5 26
14 0 0 0 0 1539.0 106
15 0 0 0 0 1147.0 36
17 0 0 0 0 1386.0 37
18 0 0 0 0 1616.0 116
21 0 0 0 0 268.5 383
23 0 0 0 0 910.5 23
26 0 0 0 0 1290.5 23
28 0 0 0 0 707.0 550
29 0 0 0 0 1461.5 1079
33 0 0 0 0 971.0 16
36 0 0 0 0 116.5 790
38 0 0 0 0 1653.5 97
39 0 0 0 0 934.5 17
40 0 0 0 0 1276.5 21
712 549
27
1 0 0 0 0 694.5 348
2 0 0 0 0 1270.5 198
3 0 0 0 0 942.5 455
4 0 0 0 0 1156.5 818
5 0 0 0 0 618.0 564
6 0 0 0 0 289.5 114
7 0 0 0 0 1554.5 132
8 0 0 0 0 725.5 31
9 0 0 0 0 593.0 48
10 0 0 0 0 1167.0 35
12 0 0 0 0 1238.5 20
13 0 0 0 0 768.0 26
14 0 0 0 0 1537.5 103
15 0 0 0 0 1147.5 36
17 0 0 0 0 1386.0 37
18 0 0 0 0 1613.0 115
21 0 0 0 0 285.5 377
22 0 0 0 0 1738.5 144
23 0 0 0 0 909.5 23
26 0 0 0 0 1291.5 23
28 0 0 0 0 711.0 548
29 0 0 0 0 1464.0 1079
33 0 0 0 0 971.0 16
36 0 0 0 0 132.0 771
38 0 0 0 0 1653.0 97
39 0 0 0 0 934.5 18
40 0 0 0 0 1276.5 21
717 545
27
1 0 0 0 0 701.0 357
2 0 0 0 0 1270.5 197
3 0 0 0 0 951.0 456
4 0 0 0 0 1182.5 809
5 0 0 0 0 636.5 560
6 0 0 0 0 289.0 114
7 0 0 0 0 1553.0 132
8 0 0 0 0 726.0 31
9 0 0 0 0 593.5 49
10 0 0 0 0 1167.0 35
12 0 0 0 0 1238.5 20
13 0 0 0 0 768.0 25
14 0 0 0 0 1533.0 105
15 0 0 0 0 1147.5 36
17 0 0 0 0 1386.0 37
18 0 0 0 0 1606.5 112
21 0 0 0 0 304.0 366
22 0 0 0 0 1737.5 143
23 0 0 0 0 909.0 23
26 0 0 0 0 1292.5 23
28 0 0 0 0 716.5 545
29 0 0 0 0 1464.0 1079
33 0 0 0 0 971.0 16
36 0 0 0 0 153.0 740
37 0 0 0 0 1339.5 30
39 0 0 0 0 935.0 18
40 0 0 0 0 1276.5 21
717 545
23
1 0 0 0 0 703.5 361
2 0 0 0 0 1270.5 196
3 0 0 0 0 954.5 457
4 0 0 0 0 1191.5 805
5 0 0 0 0 643.5 559
6 0 0 0 0 289.0 114
7 0 0 0 0 1552.5 132
8 0 0 0 0 726.0 32
9 0 0 0 0 593.5 49
10 0 0 0 0 1167.0 36
12 0 0 0 0 1238.5 20
13 0 0 0 0 768.0 25
14 0 0 0 0 1531.5 105
15 0 0 0 0 1147.5 36
17 0 0 0 0 1385.5 37
18 0 0 0 0 1604.5 111
21 0 0 0 0 311.0 362
23 0 0 0 0 908.5 23
26 0 0 0 0 1292.5 23
28 0 0 0 0 717.5 544
36 0 0 0 0 160.5 729
37 0 0 0 0 1340.0 29
40 0 0 0 0 1276.5 20
721 542
25
1 0 0 0 0 707.5 361
2 0 0 0 0 1271.0 197
3 0 0 0 0 958.5 456
4 0 0 0 0 1214.5 784
5 0 0 0 0 649.0 562
6 0 0 0 0 288.5 114
7 0 0 0 0 1552.5 132
8 0 0 0 0 727.0 31
9 0 0 0 0 593.5 49
10 0 0 0 0 1167.0 36
11 0 0 0 0 1823.5 177
12 0 0 0 0 1238.5 19
13 0 0 0 0 768.0 25
14 0 0 0 0 1529.5 104
15 0 0 0 0 1147.5 36
17 0 0 0 0 1385.5 37
18 0 0 0 0 1603.5 110
21 0 0 0 0 328.5 348
22 0 0 0 0 1740.5 139
23 0 0 0 0 908.5 23
26 0 0 0 0 1293.5 22
28 0 0 0 0 720.5 541
36 0 0 0 0 176.0 701
37 0 0 0 0 1341.0 28
40 0 0 0 0 1277.0 20
725 540
24
1 0 0 0 0 715.5 350
2 0 0 0 0 1271.5 197
3 0 0 0 0 966.5 450
4 0 0 0 0 1247.5 744
5 0 0 0 0 659.0 560
6 0 0 0 0 289.0 114
7 0 0 0 0 1551.5 132
8 0 0 0 0 728.0 30
9 0 0 0 0 593.5 49
10 0 0 0 0 1167.0 36
11 0 0 0 0 1824.5 178
12 0 0 0 0 1238.5 19
13 0 0 0 0 768.5 25
14 0 0 0 0 1527.5 104
15 0 0 0 0 1147.5 36
17 0 0 0 0 1385.5 37
18 0 0 0 0 1602.0 107
21 0 0 0 0 342.5 319
22 0 0 0 0 1730.5 138
23 0 0 0 0 908.5 22
26 0 0 0 0 1293.5 22
28 0 0 0 0 724.0 539
36 0 0 0 0 194.0 683
40 0 0 0 0 1277.0 20
725 540
24
1 0 0 0 0 719.0 345
2 0 0 0 0 1271.5 196
3 0 0 0 0 969.0 448
4 0 0 0 0 1257.5 729
5 0 0 0 0 662.5 559
6 0 0 0 0 289.0 114
7 0 0 0 0 1551.0 132
8 0 0 0 0 728.5 30
9 0 0 0 0 593.5 49
10 0 0 0 0 1167.0 36
11 0 0 0 0 1825.0 178
12 0 0 0 0 1238.5 19
13 0 0 0 0 768.5 25
14 0 0 0 0 1527.0 104
15 0 0 0 0 1147.0 36
17 0 0 0 0 1385.5 37
18 0 0 0 0 1601.0 106
21 0 0 0 0 347.0 309
22 0 0 0 0 1727.0 138
23 0 0 0 0 908.5 22
26 0 0 0 0 1293.5 22
28 0 0 0 0 725.5 539
36 0 0 0 0 200.0 677
40 0 0 0 0 1276.5 20
730 535
26
1 0 0 0 0 728.0 341
2 0 0 0 0 1272.5 196
3 0 0 0 0 972.0 438
4 0 0 0 0 1279.5 720
5 0 0 0 0 666.0 555
6 0 0 0 0 287.5 114
7 0 0 0 0 1551.0 131
8 0 0 0 0 728.5 30
9 0 0 0 0 593.5 48
10 0 0 0 0 1167.0 36
11 0 0 0 0 1825.0 179
12 0 0 0 0 1238.5 18
13 0 0 0 0 769.0 25
14 0 0 0 0 1525.0 103
15 0 0 0 0 1147.0 36
17 0 0 0 0 1385.5 37
18 0 0 0 0 1596.0 110
20 0 0 0 0 1369.5 35
21 0 0 0 0 362.5 329
22 0 0 0 0 1726.0 138
23 0 0 0 0 907.5 22
26 0 0 0 0 1294.0 23
28 0 0 0 0 729.5 535
36 0 0 0 0 212.5 668
40 0 0 0 0 1276.5 20
44 0 0 0 0 1809.0 169
733 534
27
1 0 0 0 0 743.0 335
2 0 0 0 0 1273.0 195
3 0 0 0 0 974.5 432
4 0 0 0 0 1304.5 708
5 0 0 0 0 672.5 547
6 0 0 0 0 286.5 114
7 0 0 0 0 1549.5 131
8 0 0 0 0 728.5 31
9 0 0 0 0 594.0 47
10 0 0 0 0 1167.0 36
11 0 0 0 0 1825.0 179
12 0 0 0 0 1239.5 18
13 0 0 0 0 769.5 25
14 0 0 0 0 1520.5 101
15 0 0 0 0 1147.0 36
17 0 0 0 0 1385.5 37
18 0 0 0 0 1591.0 111
20 0 0 0 0 1369.5 35
21 0 0 0 0 380.0 336
22 0 0 0 0 1723.5 135
23 0 0 0 0 907.5 21
26 0 0 0 0 1294.5 23
28 0 0 0 0 732.5 533
36 0 0 0 0 229.0 663
38 0 0 0 0 1650.0 94
40 0 0 0 0 1275.5 19
44 0 0 0 0 1808.0 168
733 534
27
1 0 0 0 0 748.0 332
2 0 0 0 0 1273.0 195
3 0 0 0 0 975.5 429
4 0 0 0 0 1312.5 700
5 0 0 0 0 675.0 543
6 0 0 0 0 286.5 114
7 0 0 0 0 1549.5 131
8 0 0 0 0 728.5 32
9 0 0 0 0 593.5 47
10 0 0 0 0 1167.5 36
11 0 0 0 0 1825.5 179
12 0 0 0 0 1239.5 18
13 0 0 0 0 769.5 25
14 0 0 0 0 1518.5 100
15 0 0 0 0 1147.0 36
17 0 0 0 0 1384.5 37
18 0 0 0 0 1590.0 112
20 0 0 0 0 1370.0 35
21 0 0 0 0 387.0 339
22 0 0 0 0 1723.0 134
23 0 0 0 0 907.5 21
26 0 0 0 0 1294.5 23
28 0 0 0 0 733.5 533
36 0 0 0 0 235.0 662
38 0 0 0 0 1650.0 93
40 0 0 0 0 1275.5 18
46 0 0 0 0 705.5 17
739 530
26
1 0 0 0 0 757.0 329
2 0 0 0 0 1272.5 194
3 0 0 0 0 981.0 424
4 0 0 0 0 1335.0 695
5 0 0 0 0 679.5 539
6 0 0 0 0 286.0 114
7 0 0 0 0 1547.5 129
8 0 0 0 0 728.5 32
9 0 0 0 0 593.5 47
10 0 0 0 0 1167.0 36
12 0 0 0 0 1240.5 18
13 0 0 0 0 770.0 24
14 0 0 0 0 1515.0 96
15 0 0 0 0 1147.0 36
17 0 0 0 0 1385.0 37
18 0 0 0 0 1588.5 111
20 0 0 0 0 1371.5 35
21 0 0 0 0 398.5 339
22 0 0 0 0 1722.0 134
23 0 0 0 0 907.5 21
28 0 0 0 0 737.5 530
34 0 0 0 0 969.0 18
36 0 0 0 0 249.5 654
37 0 0 0 0 1345.5 30
38 0 0 0 0 1649.0 93
46 0 0 0 0 703.0 18
743 527
27
1 0 0 0 0 763.0 325
2 0 0 0 0 1272.5 194
3 0 0 0 0 989.5 422
4 0 0 0 0 1357.5 688
5 0 0 0 0 676.0 536
6 0 0 0 0 285.5 113
7 0 0 0 0 1546.0 128
8 0 0 0 0 729.5 33
9 0 0 0 0 594.5 47
10 0 0 0 0 1167.0 36
12 0 0 0 0 1240.5 17
13 0 0 0 0 771.5 24
14 0 0 0 0 1509.5 97
15 0 0 0 0 1147.0 36
17 0 0 0 0 1384.5 37
18 0 0 0 0 1586.5 109
20 0 0 0 0 1371.5 35
21 0 0 0 0 414.5 335
22 0 0 0 0 1719.5 133
23 0 0 0 0 907.5 21
26 0 0 0 0 1297.5 24
28 0 0 0 0 742.0 527
34 0 0 0 0 972.0 17
36 0 0 0 0 268.0 630
37 0 0 0 0 1346.5 30
38 0 0 0 0 1649.0 93
46 0 0 0 0 699.5 20
743 527
24
1 0 0 0 0 765.5 324
2 0 0 0 0 1272.5 194
3 0 0 0 0 992.5 421
4 0 0 0 0 1364.5 685
5 0 0 0 0 674.5 534
6 0 0 0 0 285.5 113
7 0 0 0 0 1546.0 128
8 0 0 0 0 729.5 33
9 0 0 0 0 595.0 47
10 0 0 0 0 1167.0 36
12 0 0 0 0 1241.0 17
13 0 0 0 0 772.0 24
14 0 0 0 0 1508.0 97
15 0 0 0 0 1147.0 36
18 0 0 0 0 1585.5 109
21 0 0 0 0 420.0 334
22 0 0 0 0 1719.0 133
23 0 0 0 0 907.5 20
26 0 0 0 0 1297.5 24
28 0 0 0 0 743.5 526
36 0 0 0 0 275.0 621
37 0 0 0 0 1347.5 30
38 0 0 0 0 1649.0 92
46 0 0 0 0 698.5 21
745 526
25
1 0 0 0 0 770.5 318
2 0 0 0 0 1271.5 194
3 0 0 0 0 993.5 423
4 0 0 0 0 1376.0 677
5 0 0 0 0 685.5 526
6 0 0 0 0 285.0 113
7 0 0 0 0 1545.0 127
8 0 0 0 0 730.5 33
9 0 0 0 0 595.5 46
10 0 0 0 0 1167.0 36
12 0 0 0 0 1241.5 17
13 0 0 0 0 775.0 26
14 0 0 0 0 1505.0 98
15 0 0 0 0 1147.0 36
18 0 0 0 0 1583.0 108
21 0 0 0 0 431.5 317
22 0 0 0 0 1718.0 134
23 0 0 0 0 907.5 20
26 0 0 0 0 1297.5 24
28 0 0 0 0 745.5 525
29 0 0 0 0 1471.0 1079
36 0 0 0 0 292.0 590
37 0 0 0 0 1348.5 30
38 0 0 0 0 1649.0 92
46 0 0 0 0 697.5 21
748 524
28
1 0 0 0 0 779.0 312
2 0 0 0 0 1271.0 193
3 0 0 0 0 995.5 423
4 0 0 0 0 1396.0 656
5 0 0 0 0 705.5 521
6 0 0 0 0 285.0 114
7 0 0 0 0 1542.5 127
8 0 0 0 0 731.5 33
9 0 0 0 0 596.0 48
10 0 0 0 0 1167.0 36
12 0 0 0 0 1241.5 18
13 0 0 0 0 775.0 24
14 0 0 0 0 1502.5 98
15 0 0 0 0 1147.0 36
17 0 0 0 0 1385.5 37
18 0 0 0 0 1579.5 106
21 0 0 0 0 451.0 307
22 0 0 0 0 1716.0 137
23 0 0 0 0 907.5 21
26 0 0 0 0 1298.0 23
28 0 0 0 0 748.0 523
29 0 0 0 0 1472.0 1079
33 0 0 0 0 966.5 18
36 0 0 0 0 311.0 576
38 0 0 0 0 1648.5 92
39 0 0 0 0 933.0 19
40 0 0 0 0 1275.0 18
46 0 0 0 0 696.0 21
748 524
25
1 0 0 0 0 782.0 309
2 0 0 0 0 1271.0 193
3 0 0 0 0 996.0 423
4 0 0 0 0 1402.5 649
5 0 0 0 0 712.5 519
6 0 0 0 0 285.0 114
7 0 0 0 0 1542.0 126
8 0 0 0 0 731.5 33
9 0 0 0 0 596.0 48
10 0 0 0 0 1167.0 36
12 0 0 0 0 1242.0 18
13 0 0 0 0 775.0 24
14 0 0 0 0 1501.5 98
17 0 0 0 0 1385.5 37
18 0 0 0 0 1578.5 105
21 0 0 0 0 458.0 303
22 0 0 0 0 1715.5 138
23 0 0 0 0 907.5 21
26 0 0 0 0 1298.0 23
33 0 0 0 0 966.0 19
36 0 0 0 0 317.5 572
38 0 0 0 0 1648.0 92
39 0 0 0 0 933.0 20
40 0 0 0 0 1275.0 18
46 0 0 0 0 695.5 21
752 520
26
1 0 0 0 0 791.5 305
2 0 0 0 0 1270.5 192
3 0 0 0 0 993.5 422
4 0 0 0 0 1425.5 634
5 0 0 0 0 716.0 519
6 0 0 0 0 284.5 114
7 0 0 0 0 1540.5 126
8 0 0 0 0 733.0 34
9 0 0 0 0 596.5 48
10 0 0 0 0 1167.5 35
11 0 0 0 0 1824.5 178
12 0 0 0 0 1242.0 18
13 0 0 0 0 776.0 24
14 0 0 0 0 1500.0 98
17 0 0 0 0 1385.5 36
18 0 0 0 0 1576.5 105
21 0 0 0 0 466.5 302
22 0 0 0 0 1715.0 136
23 0 0 0 0 907.0 21
26 0 0 0 0 1298.5 23
33 0 0 0 0 966.0 19
36 0 0 0 0 331.0 566
38 0 0 0 0 1648.0 91
39 0 0 0 0 933.0 20
40 0 0 0 0 1275.0 18
46 0 0 0 0 693.5 20
753 518
26
1 0 0 0 0 799.0 307
2 0 0 0 0 1269.5 191
3 0 0 0 0 990.0 421
4 0 0 0 0 1449.0 624
5 0 0 0 0 714.5 520
6 0 0 0 0 284.5 115
7 0 0 0 0 1538.5 127
8 0 0 0 0 733.0 34
9 0 0 0 0 597.5 47
10 0 0 0 0 1168.0 35
11 0 0 0 0 1824.5 178
12 0 0 0 0 1241.5 18
13 0 0 0 0 776.5 25
14 0 0 0 0 1495.5 97
17 0 0 0 0 1385.5 37
18 0 0 0 0 1574.5 102
21 0 0 0 0 478.5 301
22 0 0 0 0 1715.0 136
23 0 0 0 0 907.0 21
26 0 0 0 0 1299.5 22
33 0 0 0 0 965.0 19
36 0 0 0 0 350.0 555
38 0 0 0 0 1647.0 91
39 0 0 0 0 932.5 20
40 0 0 0 0 1275.0 18
46 0 0 0 0 692.5 20
753 518
22
1 0 0 0 0 801.5 308
2 0 0 0 0 1270.0 191
3 0 0 0 0 988.5 420
4 0 0 0 0 1456.5 621
5 0 0 0 0 713.5 521
6 0 0 0 0 284.0 115
7 0 0 0 0 1537.5 127
8 0 0 0 0 733.0 34
9 0 0 0 0 598.0 46
10 0 0 0 0 1168.0 35
12 0 0 0 0 1241.5 18
13 0 0 0 0 776.5 25
14 0 0 0 0 1494.0 97
17 0 0 0 0 1385.5 37
18 0 0 0 0 1573.5 101
21 0 0 0 0 483.0 300
22 0 0 0 0 1715.0 136
23 0 0 0 0 907.0 22
33 0 0 0 0 965.0 19
36 0 0 0 0 356.5 551
39 0 0 0 0 932.0 20
40 0 0 0 0 1275.0 18
759 514
23
1 0 0 0 0 807.0 308
2 0 0 0 0 1268.5 191
3 0 0 0 0 992.0 419
4 0 0 0 0 1470.5 620
5 0 0 0 0 718.0 516
6 0 0 0 0 283.5 115
7 0 0 0 0 1536.0 127
8 0 0 0 0 734.0 34
9 0 0 0 0 598.5 44
10 0 0 0 0 1168.0 34
12 0 0 0 0 1241.5 18
13 0 0 0 0 777.0 25
14 0 0 0 0 1491.5 95
17 0 0 0 0 1386.0 37
18 0 0 0 0 1569.5 101
21 0 0 0 0 491.0 299
22 0 0 0 0 1713.5 135
23 0 0 0 0 907.5 21
26 0 0 0 0 1300.5 24
33 0 0 0 0 964.5 19
36 0 0 0 0 369.0 533
39 0 0 0 0 932.0 20
40 0 0 0 0 1275.5 18
815 500
24
1 0 0 0 0 812.5 307
2 0 0 0 0 1267.5 191
3 0 0 0 0 1000.0 415
4 0 0 0 0 1480.5 611
5 0 0 0 0 734.0 504
6 0 0 0 0 282.0 115
7 0 0 0 0 1533.5 127
8 0 0 0 0 735.0 34
9 0 0 0 0 599.0 43
10 0 0 0 0 1168.5 35
12 0 0 0 0 1242.0 19
13 0 0 0 0 779.5 26
14 0 0 0 0 1488.0 94
15 0 0 0 0 1146.5 36
17 0 0 0 0 1386.0 37
18 0 0 0 0 1565.5 101
21 0 0 0 0 505.0 295
22 0 0 0 0 1712.5 135
23 0 0 0 0 908.0 20
26 0 0 0 0 1301.5 24
36 0 0 0 0 387.5 520
39 0 0 0 0 931.0 19
40 0 0 0 0 1276.0 18
46 0 0 0 0 686.5 20
815 500
22
1 0 0 0 0 814.5 307
2 0 0 0 0 1267.5 191
3 0 0 0 0 1003.0 413
4 0 0 0 0 1483.5 608
5 0 0 0 0 739.5 500
6 0 0 0 0 281.5 115
7 0 0 0 0 1533.0 126
8 0 0 0 0 735.5 34
9 0 0 0 0 599.0 44
10 0 0 0 0 1169.0 35
12 0 0 0 0 1242.0 18
13 0 0 0 0 779.5 26
14 0 0 0 0 1487.0 93
15 0 0 0 0 1146.5 36
18 0 0 0 0 1564.5 101
21 0 0 0 0 510.0 293
23 0 0 0 0 908.0 20
26 0 0 0 0 1301.5 25
36 0 0 0 0 394.0 516
39 0 0 0 0 931.0 19
40 0 0 0 0 1276.0 18
46 0 0 0 0 685.5 20
876 482
26
1 0 0 0 0 818.0 305
2 0 0 0 0 1267.0 191
3 0 0 0 0 1004.5 411
4 0 0 0 0 1493.5 593
5 0 0 0 0 753.5 488
6 0 0 0 0 280.5 115
7 0 0 0 0 1531.0 126
8 0 0 0 0 735.5 34
9 0 0 0 0 600.0 44
10 0 0 0 0 1169.0 35
12 0 0 0 0 1243.0 18
13 0 0 0 0 780.5 25
14 0 0 0 0 1483.5 91
15 0 0 0 0 1146.5 36
18 0 0 0 0 1561.5 101
21 0 0 0 0 522.0 286
22 0 0 0 0 1710.5 134
23 0 0 0 0 909.0 19
26 0 0 0 0 1302.0 24
29 0 0 0 0 1475.0 1079
36 0 0 0 0 409.0 506
38 0 0 0 0 1639.5 92
39 0 0 0 0 930.0 19
40 0 0 0 0 1276.0 18
46 0 0 0 0 684.0 21
52 0 0 0 0 35.0 801
935 472
26
1 0 0 0 0 824.0 303
2 0 0 0 0 1266.0 191
3 0 0 0 0 1005.0 411
4 0 0 0 0 1507.0 575
5 0 0 0 0 762.0 481
6 0 0 0 0 279.5 115
7 0 0 0 0 1529.5 126
8 0 0 0 0 736.5 34
9 0 0 0 0 600.5 43
10 0 0 0 0 1169.5 33
12 0 0 0 0 1242.5 18
13 0 0 0 0 782.0 25
14 0 0 0 0 1479.5 88
15 0 0 0 0 1146.5 36
21 0 0 0 0 534.5 251
22 0 0 0 0 1710.5 134
23 0 0 0 0 909.0 19
26 0 0 0 0 1302.5 24
29 0 0 0 0 1475.0 1078
30 0 0 0 0 1556.5 99
36 0 0 0 0 428.0 485
38 0 0 0 0 1638.5 92
39 0 0 0 0 930.0 19
40 0 0 0 0 1276.0 18
46 0 0 0 0 682.0 22
52 0 0 0 0 56.5 797
935 472
24
1 0 0 0 0 826.5 302
2 0 0 0 0 1266.0 190
3 0 0 0 0 1004.5 411
4 0 0 0 0 1511.5 569
5 0 0 0 0 765.0 479
6 0 0 0 0 279.5 115
7 0 0 0 0 1529.5 126
8 0 0 0 0 736.5 34
9 0 0 0 0 600.5 42
10 0 0 0 0 1169.5 33
12 0 0 0 0 1242.5 18
13 0 0 0 0 782.5 25
14 0 0 0 0 1478.0 87
15 0 0 0 0 1146.5 36
21 0 0 0 0 538.0 237
22 0 0 0 0 1710.5 134
26 0 0 0 0 1302.5 24
29 0 0 0 0 1475.0 1078
30 0 0 0 0 1555.5 98
36 0 0 0 0 434.5 478
40 0 0 0 0 1276.0 17
46 0 0 0 0 681.0 22
52 0 0 0 0 66.0 796
54 0 0 0 0 1753.5 151
991 463
25
1 0 0 0 0 839.0 292
2 0 0 0 0 1266.5 190
3 0 0 0 0 1003.0 411
4 0 0 0 0 1517.5 566
5 0 0 0 0 765.0 477
6 0 0 0 0 279.0 115
7 0 0 0 0 1528.5 126
8 0 0 0 0 738.0 32
9 0 0 0 0 601.5 42
10 0 0 0 0 1169.5 33
11 0 0 0 0 1824.5 176
12 0 0 0 0 1243.0 19
13 0 0 0 0 783.0 24
14 0 0 0 0 1475.5 89
15 0 0 0 0 1146.5 36
21 0 0 0 0 558.0 254
22 0 0 0 0 1709.5 134
26 0 0 0 0 1302.5 25
29 0 0 0 0 1475.0 1078
30 0 0 0 0 1553.0 98
36 0 0 0 0 451.5 473
40 0 0 0 0 1276.5 17
46 0 0 0 0 680.5 19
52 0 0 0 0 86.5 779
54 0 0 0 0 1751.0 151
1047 457
24
1 0 0 0 0 861.5 269
2 0 0 0 0 1265.5 190
3 0 0 0 0 1004.5 409
4 0 0 0 0 1525.5 561
5 0 0 0 0 760.0 470
6 0 0 0 0 278.5 115
7 0 0 0 0 1527.0 125
8 0 0 0 0 740.0 34
9 0 0 0 0 603.0 42
10 0 0 0 0 1168.0 35
11 0 0 0 0 1824.5 176
12 0 0 0 0 1243.5 19
13 0 0 0 0 785.5 24
14 0 0 0 0 1471.5 88
15 0 0 0 0 1146.5 36
21 0 0 0 0 570.5 257
22 0 0 0 0 1709.0 134
29 0 0 0 0 1476.0 1078
30 0 0 0 0 1552.5 99
36 0 0 0 0 466.0 472
40 0 0 0 0 1276.5 17
46 0 0 0 0 680.0 19
52 0 0 0 0 106.0 761
54 0 0 0 0 1750.5 150
1047 457
24
1 0 0 0 0 869.0 262
2 0 0 0 0 1265.0 190
3 0 0 0 0 1004.5 408
4 0 0 0 0 1528.0 559
5 0 0 0 0 757.5 467
6 0 0 0 0 278.0 115
7 0 0 0 0 1526.5 125
8 0 0 0 0 740.5 34
9 0 0 0 0 603.5 42
10 0 0 0 0 1167.0 35
11 0 0 0 0 1824.5 176
12 0 0 0 0 1244.0 19
13 0 0 0 0 786.0 24
14 0 0 0 0 1469.5 88
15 0 0 0 0 1146.5 36
21 0 0 0 0 575.5 258
22 0 0 0 0 1709.5 134
29 0 0 0 0 1476.5 1078
30 0 0 0 0 1553.0 99
36 0 0 0 0 471.0 473
40 0 0 0 0 1276.5 17
46 0 0 0 0 679.5 19
52 0 0 0 0 113.0 754
54 0 0 0 0 1750.5 150
1099 461
24
1 0 0 0 0 877.0 271
2 0 0 0 0 1264.0 190
3 0 0 0 0 1008.0 409
4 0 0 0 0 1536.0 551
5 0 0 0 0 762.0 461
6 0 0 0 0 278.0 116
7 0 0 0 0 1525.5 124
8 0 0 0 0 742.5 34
9 0 0 0 0 604.0 42
10 0 0 0 0 1167.0 35
11 0 0 0 0 1824.5 176
12 0 0 0 0 1244.5 19
13 0 0 0 0 787.0 23
14 0 0 0 0 1469.0 90
15 0 0 0 0 1147.0 36
21 0 0 0 0 585.0 260
22 0 0 0 0 1708.5 136
29 0 0 0 0 1476.0 1078
30 0 0 0 0 1548.5 94
36 0 0 0 0 480.5 464
40 0 0 0 0 1276.5 17
46 0 0 0 0 678.5 22
52 0 0 0 0 123.5 736
54 0 0 0 0 1750.5 150
1136 443
23
1 0 0 0 0 882.0 273
2 0 0 0 0 1263.0 190
3 0 0 0 0 1017.5 412
4 0 0 0 0 1544.5 541
5 0 0 0 0 776.0 457
6 0 0 0 0 277.0 116
7 0 0 0 0 1525.0 124
8 0 0 0 0 743.5 33
9 0 0 0 0 604.5 43
10 0 0 0 0 1167.0 35
12 0 0 0 0 1246.0 19
13 0 0 0 0 787.0 23
14 0 0 0 0 1467.5 89
15 0 0 0 0 1147.0 36
21 0 0 0 0 594.0 261
22 0 0 0 0 1706.0 136
29 0 0 0 0 1475.5 1078
30 0 0 0 0 1546.5 93
36 0 0 0 0 497.0 448
38 0 0 0 0 1638.0 92
46 0 0 0 0 676.5 24
52 0 0 0 0 140.5 724
54 0 0 0 0 1750.0 150
1136 443
22
1 0 0 0 0 884.0 274
2 0 0 0 0 1263.0 190
3 0 0 0 0 1021.5 413
4 0 0 0 0 1547.5 537
5 0 0 0 0 780.5 456
6 0 0 0 0 277.0 116
7 0 0 0 0 1524.5 123
8 0 0 0 0 744.0 33
9 0 0 0 0 605.0 43
10 0 0 0 0 1166.0 36
12 0 0 0 0 1246.5 19
13 0 0 0 0 787.5 23
14 0 0 0 0 1467.0 89
15 0 0 0 0 1147.0 36
21 0 0 0 0 597.0 262
22 0 0 0 0 1705.5 136
29 0 0 0 0 1475.5 1078
36 0 0 0 0 503.0 442
38 0 0 0 0 1638.0 92
46 0 0 0 0 675.5 24
52 0 0 0 0 146.5 719
54 0 0 0 0 1750.0 150
1172 436
24
1 0 0 0 0 885.5 272
2 0 0 0 0 1263.5 190
3 0 0 0 0 1030.5 409
4 0 0 0 0 1554.0 533
5 0 0 0 0 789.0 454
6 0 0 0 0 277.0 116
7 0 0 0 0 1522.0 123
8 0 0 0 0 745.0 34
9 0 0 0 0 605.0 43
10 0 0 0 0 1167.0 36
12 0 0 0 0 1247.5 19
13 0 0 0 0 788.5 23
14 0 0 0 0 1464.0 90
15 0 0 0 0 1147.0 36
21 0 0 0 0 608.0 259
22 0 0 0 0 1705.5 134
26 0 0 0 0 1308.0 23
29 0 0 0 0 1477.5 1078
30 0 0 0 0 1540.5 94
36 0 0 0 0 517.5 420
38 0 0 0 0 1637.0 92
46 0 0 0 0 675.5 25
52 0 0 0 0 163.5 711
54 0 0 0 0 1748.5 151
1207 429
25
1 0 0 0 0 888.0 270
2 0 0 0 0 1264.5 190
3 0 0 0 0 1041.0 405
4 0 0 0 0 1563.5 527
5 0 0 0 0 795.5 454
6 0 0 0 0 276.5 116
7 0 0 0 0 1519.0 122
8 0 0 0 0 746.5 35
9 0 0 0 0 605.5 44
10 0 0 0 0 1167.0 36
12 0 0 0 0 1248.0 19
13 0 0 0 0 789.5 23
14 0 0 0 0 1461.5 91
15 0 0 0 0 1147.0 36
21 0 0 0 0 617.5 255
22 0 0 0 0 1702.0 133
26 0 0 0 0 1309.0 22
29 0 0 0 0 1478.0 1078
30 0 0 0 0 1538.5 93
33 0 0 0 0 962.5 19
36 0 0 0 0 534.0 410
44 0 0 0 0 1714.0 122
46 0 0 0 0 674.5 24
52 0 0 0 0 180.5 706
54 0 0 0 0 1747.0 150
1207 429
22
1 0 0 0 0 888.5 270
2 0 0 0 0 1264.5 189
3 0 0 0 0 1045.5 404
4 0 0 0 0 1567.0 525
5 0 0 0 0 798.0 454
6 0 0 0 0 276.5 116
7 0 0 0 0 1518.0 121
8 0 0 0 0 747.0 35
9 0 0 0 0 605.0 44
12 0 0 0 0 1248.0 19
13 0 0 0 0 789.5 23
14 0 0 0 0 1460.5 91
21 0 0 0 0 621.0 253
22 0 0 0 0 1701.0 132
26 0 0 0 0 1309.0 22
29 0 0 0 0 1478.0 1079
33 0 0 0 0 962.5 19
36 0 0 0 0 539.5 406
44 0 0 0 0 1713.0 121
46 0 0 0 0 674.5 24
52 0 0 0 0 186.5 704
54 0 0 0 0 1746.5 150
1241 428
23
1 0 0 0 0 896.0 266
2 0 0 0 0 1266.0 189
3 0 0 0 0 1054.0 401
4 0 0 0 0 1578.0 519
5 0 0 0 0 802.5 452
6 0 0 0 0 275.5 116
7 0 0 0 0 1516.0 122
8 0 0 0 0 748.0 35
9 0 0 0 0 605.5 43
12 0 0 0 0 1248.5 19
13 0 0 0 0 790.5 23
14 0 0 0 0 1459.5 91
21 0 0 0 0 627.0 246
22 0 0 0 0 1698.5 134
26 0 0 0 0 1310.0 22
29 0 0 0 0 1478.5 1079
30 0 0 0 0 1535.5 94
33 0 0 0 0 962.0 19
36 0 0 0 0 555.0 395
44 0 0 0 0 1710.5 123
46 0 0 0 0 674.0 24
52 0 0 0 0 212.5 695
54 0 0 0 0 1745.5 150
1274 427
23
1 0 0 0 0 917.0 249
2 0 0 0 0 1267.5 188
3 0 0 0 0 1069.0 400
4 0 0 0 0 1589.5 510
5 0 0 0 0 806.5 447
6 0 0 0 0 275.5 116
7 0 0 0 0 1513.0 122
8 0 0 0 0 749.5 35
9 0 0 0 0 605.5 43
12 0 0 0 0 1249.0 19
13 0 0 0 0 791.5 23
14 0 0 0 0 1459.0 91
15 0 0 0 0 1147.0 36
21 0 0 0 0 633.0 244
22 0 0 0 0 1698.5 134
26 0 0 0 0 1310.0 22
29 0 0 0 0 1479.0 1079
30 0 0 0 0 1533.5 94
36 0 0 0 0 568.0 395
44 0 0 0 0 1706.5 122
46 0 0 0 0 674.0 23
52 0 0 0 0 237.5 673
54 0 0 0 0 1744.5 149
1274 427
20
1 0 0 0 0 925.0 242
2 0 0 0 0 1268.5 188
3 0 0 0 0 1074.0 400
4 0 0 0 0 1593.5 508
5 0 0 0 0 808.5 446
6 0 0 0 0 275.5 116
7 0 0 0 0 1512.5 121
8 0 0 0 0 749.5 35
9 0 0 0 0 605.5 43
12 0 0 0 0 1249.0 19
13 0 0 0 0 791.5 23
14 0 0 0 0 1458.5 90
15 0 0 0 0 1147.0 36
21 0 0 0 0 635.0 243
22 0 0 0 0 1698.5 134
26 0 0 0 0 1310.0 22
36 0 0 0 0 572.0 395
46 0 0 0 0 674.0 23
52 0 0 0 0 246.5 666
54 0 0 0 0 1744.5 149
1302 426
23
1 0 0 0 0 928.5 256
2 0 0 0 0 1269.5 187
3 0 0 0 0 1095.0 399
4 0 0 0 0 1594.0 498
5 0 0 0 0 811.0 436
6 0 0 0 0 275.5 116
7 0 0 0 0 1511.0 122
8 0 0 0 0 751.0 35
9 0 0 0 0 605.5 42
10 0 0 0 0 1163.5 35
12 0 0 0 0 1249.5 20
13 0 0 0 0 793.5 22
14 0 0 0 0 1457.5 88
15 0 0 0 0 1147.0 36
21 0 0 0 0 644.5 240
22 0 0 0 0 1697.5 134
26 0 0 0 0 1310.5 24
30 0 0 0 0 1531.5 96
33 0 0 0 0 961.5 19
36 0 0 0 0 583.5 393
46 0 0 0 0 673.5 23
52 0 0 0 0 262.0 645
54 0 0 0 0 1743.5 148
1326 418
24
1 0 0 0 0 933.5 262
2 0 0 0 0 1271.0 186
3 0 0 0 0 1106.0 398
4 0 0 0 0 1590.5 487
5 0 0 0 0 812.0 421
6 0 0 0 0 274.5 116
7 0 0 0 0 1510.0 123
8 0 0 0 0 753.0 35
9 0 0 0 0 606.0 42
10 0 0 0 0 1163.5 35
12 0 0 0 0 1250.0 19
13 0 0 0 0 794.5 21
14 0 0 0 0 1456.0 87
21 0 0 0 0 653.0 238
22 0 0 0 0 1697.0 134
23 0 0 0 0 924.0 20
26 0 0 0 0 1311.0 24
29 0 0 0 0 1477.0 1079
30 0 0 0 0 1529.5 96
33 0 0 0 0 962.0 19
36 0 0 0 0 600.0 371
46 0 0 0 0 674.0 19
52 0 0 0 0 273.5 629
54 0 0 0 0 1742.5 149
1326 418
21
1 0 0 0 0 935.0 264
2 0 0 0 0 1271.5 186
3 0 0 0 0 1109.5 398
4 0 0 0 0 1589.0 483
5 0 0 0 0 812.0 416
6 0 0 0 0 275.0 116
7 0 0 0 0 1510.0 123
8 0 0 0 0 754.0 36
9 0 0 0 0 606.0 42
12 0 0 0 0 1250.0 19
13 0 0 0 0 794.5 20
21 0 0 0 0 656.0 237
22 0 0 0 0 1697.0 135
23 0 0 0 0 924.0 20
29 0 0 0 0 1477.0 1079
30 0 0 0 0 1531.0 90
33 0 0 0 0 962.5 19
36 0 0 0 0 605.0 362
46 0 0 0 0 674.5 19
52 0 0 0 0 276.0 624
54 0 0 0 0 1741.5 149
1349 415
20
1 0 0 0 0 942.5 265
2 0 0 0 0 1273.0 186
3 0 0 0 0 1112.0 398
4 0 0 0 0 1585.5 477
5 0 0 0 0 816.5 407
6 0 0 0 0 274.0 116
7 0 0 0 0 1509.0 123
8 0 0 0 0 756.0 36
9 0 0 0 0 605.5 42
12 0 0 0 0 1250.0 19
13 0 0 0 0 796.0 22
21 0 0 0 0 663.5 231
22 0 0 0 0 1697.0 135
23 0 0 0 0 924.5 20
30 0 0 0 0 1529.0 90
33 0 0 0 0 962.5 19
36 0 0 0 0 617.5 350
46 0 0 0 0 675.0 21
52 0 0 0 0 293.0 622
54 0 0 0 0 1740.0 149
1370 414
19
1 0 0 0 0 953.5 261
2 0 0 0 0 1275.5 188
3 0 0 0 0 1120.5 397
4 0 0 0 0 1580.0 470
5 0 0 0 0 821.0 402
6 0 0 0 0 274.0 116
7 0 0 0 0 1507.0 122
8 0 0 0 0 758.0 36
9 0 0 0 0 606.0 42
12 0 0 0 0 1250.5 19
13 0 0 0 0 797.5 22
21 0 0 0 0 671.0 224
22 0 0 0 0 1696.5 135
29 0 0 0 0 1479.0 1078
33 0 0 0 0 962.5 19
36 0 0 0 0 630.0 346
46 0 0 0 0 675.5 22
52 0 0 0 0 314.0 622
54 0 0 0 0 1739.0 149
1370 414
18
1 0 0 0 0 957.0 259
2 0 0 0 0 1277.0 188
3 0 0 0 0 1123.5 396
4 0 0 0 0 1577.5 467
5 0 0 0 0 822.5 401
6 0 0 0 0 274.0 116
7 0 0 0 0 1506.5 122
8 0 0 0 0 759.0 36
9 0 0 0 0 606.5 41
12 0 0 0 0 1250.5 19
13 0 0 0 0 797.5 21
21 0 0 0 0 673.0 221
22 0 0 0 0 1696.5 135
29 0 0 0 0 1479.5 1078
36 0 0 0 0 633.0 345
46 0 0 0 0 675.5 23
52 0 0 0 0 321.0 622
54 0 0 0 0 1738.5 149
1389 413
20
1 0 0 0 0 964.5 260
2 0 0 0 0 1279.0 188
3 0 0 0 0 1130.0 393
4 0 0 0 0 1573.5 463
5 0 0 0 0 831.0 397
6 0 0 0 0 273.0 116
7 0 0 0 0 1503.5 121
8 0 0 0 0 760.5 35
9 0 0 0 0 606.0 41
12 0 0 0 0 1251.0 19
13 0 0 0 0 798.5 20
21 0 0 0 0 678.0 216
22 0 0 0 0 1696.5 133
23 0 0 0 0 928.5 19
26 0 0 0 0 1317.0 23
29 0 0 0 0 1480.5 1078
36 0 0 0 0 648.5 342
46 0 0 0 0 675.5 23
52 0 0 0 0 335.0 619
54 0 0 0 0 1737.5 149
None
20
1 0 0 0 0 982.5 259
2 0 0 0 0 1281.0 188
3 0 0 0 0 1139.0 388
4 0 0 0 0 1570.5 459
5 0 0 0 0 844.0 394
6 0 0 0 0 273.0 116
7 0 0 0 0 1504.0 122
8 0 0 0 0 764.5 35
9 0 0 0 0 606.5 42
12 0 0 0 0 1251.5 19
13 0 0 0 0 799.5 20
18 0 0 0 0 1479.0 68
21 0 0 0 0 687.0 215
22 0 0 0 0 1696.5 133
23 0 0 0 0 930.5 19
26 0 0 0 0 1317.5 23
36 0 0 0 0 667.5 335
37 0 0 0 0 1362.5 28
52 0 0 0 0 353.0 608
54 0 0 0 0 1737.0 149
None
20
1 0 0 0 0 989.0 259
2 0 0 0 0 1281.5 187
3 0 0 0 0 1142.0 387
4 0 0 0 0 1569.0 458
5 0 0 0 0 849.0 393
6 0 0 0 0 273.0 116
7 0 0 0 0 1504.0 122
8 0 0 0 0 765.5 35
9 0 0 0 0 606.5 42
12 0 0 0 0 1251.5 19
13 0 0 0 0 799.5 20
14 0 0 0 0 1446.0 62
18 0 0 0 0 1477.5 67
21 0 0 0 0 689.5 214
22 0 0 0 0 1696.5 133
23 0 0 0 0 930.5 18
36 0 0 0 0 673.0 333
37 0 0 0 0 1362.5 28
52 0 0 0 0 359.5 605
54 0 0 0 0 1737.0 148
1428 404
24
1 0 0 0 0 1004.5 253
2 0 0 0 0 1281.0 188
3 0 0 0 0 1156.0 379
4 0 0 0 0 1567.0 456
5 0 0 0 0 854.5 393
6 0 0 0 0 273.0 116
7 0 0 0 0 1501.0 121
8 0 0 0 0 766.5 36
9 0 0 0 0 606.5 42
10 0 0 0 0 1162.5 34
12 0 0 0 0 1252.0 18
13 0 0 0 0 800.5 20
14 0 0 0 0 1444.0 60
18 0 0 0 0 1474.0 66
21 0 0 0 0 697.0 209
22 0 0 0 0 1695.0 134
23 0 0 0 0 931.5 18
36 0 0 0 0 683.0 331
37 0 0 0 0 1363.5 28
38 0 0 0 0 1632.0 89
40 0 0 0 0 1291.5 16
52 0 0 0 0 384.5 600
54 0 0 0 0 1737.5 148
73 0 0 0 0 737.5 21
None
23
1 0 0 0 0 1014.0 253
2 0 0 0 0 1283.0 188
3 0 0 0 0 1170.5 375
4 0 0 0 0 1561.5 449
5 0 0 0 0 862.5 392
6 0 0 0 0 272.0 116
7 0 0 0 0 1497.5 120
8 0 0 0 0 767.5 36
9 0 0 0 0 607.0 42
10 0 0 0 0 1162.0 34
12 0 0 0 0 1252.5 18
13 0 0 0 0 803.0 20
14 0 0 0 0 1442.5 61
18 0 0 0 0 1471.0 67
21 0 0 0 0 706.0 180
22 0 0 0 0 1694.5 134
23 0 0 0 0 932.5 19
36 0 0 0 0 697.5 321
38 0 0 0 0 1631.5 88
40 0 0 0 0 1292.0 18
52 0 0 0 0 407.5 590
54 0 0 0 0 1737.0 147
73 0 0 0 0 738.0 22
None
22
1 0 0 0 0 1018.0 253
2 0 0 0 0 1283.0 188
3 0 0 0 0 1176.0 374
4 0 0 0 0 1560.0 447
5 0 0 0 0 865.0 392
6 0 0 0 0 272.0 116
7 0 0 0 0 1497.0 120
8 0 0 0 0 768.0 36
9 0 0 0 0 607.0 42
12 0 0 0 0 1252.5 18
13 0 0 0 0 803.0 20
14 0 0 0 0 1442.5 61
18 0 0 0 0 1470.0 67
21 0 0 0 0 709.0 169
22 0 0 0 0 1693.5 134
23 0 0 0 0 933.0 19
36 0 0 0 0 702.0 317
38 0 0 0 0 1632.0 88
40 0 0 0 0 1292.0 19
52 0 0 0 0 416.5 587
54 0 0 0 0 1736.0 147
73 0 0 0 0 738.0 22
None
24
1 0 0 0 0 1024.0 252
2 0 0 0 0 1286.5 188
3 0 0 0 0 1185.5 374
4 0 0 0 0 1559.0 447
5 0 0 0 0 882.5 391
6 0 0 0 0 271.5 117
7 0 0 0 0 1495.5 120
8 0 0 0 0 769.5 36
9 0 0 0 0 607.0 43
12 0 0 0 0 1253.0 17
13 0 0 0 0 804.5 21
14 0 0 0 0 1441.5 59
18 0 0 0 0 1468.5 67
21 0 0 0 0 716.5 179
22 0 0 0 0 1693.5 134
23 0 0 0 0 933.0 19
30 0 0 0 0 1512.0 92
33 0 0 0 0 962.5 19
36 0 0 0 0 712.5 311
38 0 0 0 0 1632.0 89
40 0 0 0 0 1293.0 19
52 0 0 0 0 426.5 563
54 0 0 0 0 1735.5 146
73 0 0 0 0 738.5 22
None
28
1 0 0 0 0 1029.5 249
2 0 0 0 0 1296.5 188
3 0 0 0 0 1194.0 370
4 0 0 0 0 1559.5 444
5 0 0 0 0 898.0 392
6 0 0 0 0 270.0 117
7 0 0 0 0 1493.5 120
8 0 0 0 0 772.0 36
9 0 0 0 0 607.0 43
10 0 0 0 0 1162.0 34
12 0 0 0 0 1253.5 17
13 0 0 0 0 805.5 21
15 0 0 0 0 1147.5 36
18 0 0 0 0 1465.0 66
21 0 0 0 0 725.5 181
22 0 0 0 0 1692.5 134
23 0 0 0 0 934.0 19
26 0 0 0 0 1325.0 22
30 0 0 0 0 1511.0 92
33 0 0 0 0 962.5 19
36 0 0 0 0 727.5 309
38 0 0 0 0 1631.5 89
40 0 0 0 0 1293.0 19
44 0 0 0 0 1695.0 134
46 0 0 0 0 682.5 20
52 0 0 0 0 443.5 558
54 0 0 0 0 1733.5 147
73 0 0 0 0 739.5 20
None
26
1 0 0 0 0 1032.0 248
2 0 0 0 0 1300.5 188
3 0 0 0 0 1197.0 369
4 0 0 0 0 1560.0 443
5 0 0 0 0 903.5 392
6 0 0 0 0 269.5 118
7 0 0 0 0 1492.5 120
8 0 0 0 0 772.5 36
9 0 0 0 0 607.0 43
10 0 0 0 0 1162.0 34
12 0 0 0 0 1253.5 17
13 0 0 0 0 806.0 21
15 0 0 0 0 1147.5 37
18 0 0 0 0 1463.5 66
21 0 0 0 0 729.0 182
26 0 0 0 0 1326.0 22
30 0 0 0 0 1510.5 92
33 0 0 0 0 962.0 19
36 0 0 0 0 733.0 308
38 0 0 0 0 1630.5 89
40 0 0 0 0 1293.5 19
44 0 0 0 0 1694.5 135
46 0 0 0 0 683.0 20
52 0 0 0 0 449.5 556
54 0 0 0 0 1732.5 147
73 0 0 0 0 739.5 20
None
28
1 0 0 0 0 1047.0 244
2 0 0 0 0 1303.0 188
3 0 0 0 0 1204.0 361
4 0 0 0 0 1561.5 443
5 0 0 0 0 912.0 392
6 0 0 0 0 269.5 118
7 0 0 0 0 1490.5 120
8 0 0 0 0 773.0 36
9 0 0 0 0 607.0 43
10 0 0 0 0 1161.5 34
12 0 0 0 0 1254.0 18
13 0 0 0 0 808.0 21
14 0 0 0 0 1439.0 60
15 0 0 0 0 1147.5 37
18 0 0 0 0 1460.5 65
21 0 0 0 0 729.5 201
22 0 0 0 0 1692.5 134
26 0 0 0 0 1326.0 22
30 0 0 0 0 1508.5 91
33 0 0 0 0 962.0 19
36 0 0 0 0 744.5 305
38 0 0 0 0 1630.5 89
40 0 0 0 0 1293.5 19
44 0 0 0 0 1693.0 135
46 0 0 0 0 683.5 19
52 0 0 0 0 468.5 547
54 0 0 0 0 1729.5 146
73 0 0 0 0 740.0 20
None
25
1 0 0 0 0 1060.5 243
2 0 0 0 0 1306.0 190
3 0 0 0 0 1227.0 352
4 0 0 0 0 1568.5 442
5 0 0 0 0 917.0 392
6 0 0 0 0 269.0 117
7 0 0 0 0 1490.0 121
8 0 0 0 0 774.5 36
9 0 0 0 0 607.0 43
10 0 0 0 0 1162.0 34
12 0 0 0 0 1254.0 18
13 0 0 0 0 809.5 21
14 0 0 0 0 1438.0 60
15 0 0 0 0 1147.5 36
21 0 0 0 0 734.0 201
22 0 0 0 0 1692.0 135
26 0 0 0 0 1327.0 22
30 0 0 0 0 1506.5 89
33 0 0 0 0 962.0 19
36 0 0 0 0 755.5 301
38 0 0 0 0 1630.5 89
40 0 0 0 0 1294.0 19
46 0 0 0 0 684.0 18
52 0 0 0 0 487.5 541
54 0 0 0 0 1728.0 146
None
23
1 0 0 0 0 1065.0 242
2 0 0 0 0 1307.0 190
3 0 0 0 0 1235.0 349
4 0 0 0 0 1571.5 442
5 0 0 0 0 919.0 393
6 0 0 0 0 269.0 117
7 0 0 0 0 1489.5 121
8 0 0 0 0 775.5 36
9 0 0 0 0 607.0 43
10 0 0 0 0 1162.0 34
12 0 0 0 0 1254.0 18
13 0 0 0 0 810.0 21
14 0 0 0 0 1437.5 60
15 0 0 0 0 1147.5 36
21 0 0 0 0 736.5 201
22 0 0 0 0 1691.5 135
30 0 0 0 0 1506.5 89
33 0 0 0 0 962.0 19
36 0 0 0 0 759.5 300
40 0 0 0 0 1294.0 19
46 0 0 0 0 685.0 18
52 0 0 0 0 494.0 539
54 0 0 0 0 1727.5 146
None
26
1 0 0 0 0 1072.5 242
2 0 0 0 0 1309.0 189
3 0 0 0 0 1243.0 345
4 0 0 0 0 1572.0 432
5 0 0 0 0 923.0 392
6 0 0 0 0 268.5 117
7 0 0 0 0 1489.5 121
8 0 0 0 0 778.5 36
9 0 0 0 0 607.0 44
10 0 0 0 0 1162.0 34
12 0 0 0 0 1255.0 18
13 0 0 0 0 811.5 20
14 0 0 0 0 1437.0 60
15 0 0 0 0 1147.5 36
21 0 0 0 0 747.5 191
22 0 0 0 0 1690.5 135
29 0 0 0 0 1487.0 1076
30 0 0 0 0 1506.0 88
33 0 0 0 0 962.5 19
36 0 0 0 0 768.5 299
37 0 0 0 0 1390.5 38
40 0 0 0 0 1294.5 19
46 0 0 0 0 686.0 18
52 0 0 0 0 505.5 530
54 0 0 0 0 1725.5 147
73 0 0 0 0 741.5 19
None
25
1 0 0 0 0 1081.0 241
2 0 0 0 0 1311.5 189
3 0 0 0 0 1257.0 344
4 0 0 0 0 1573.5 425
5 0 0 0 0 929.0 391
6 0 0 0 0 268.0 117
7 0 0 0 0 1487.0 119
8 0 0 0 0 781.5 34
9 0 0 0 0 607.5 43
10 0 0 0 0 1162.0 34
12 0 0 0 0 1256.0 18
13 0 0 0 0 813.0 20
14 0 0 0 0 1436.5 60
15 0 0 0 0 1147.5 35
21 0 0 0 0 758.0 178
22 0 0 0 0 1690.5 135
29 0 0 0 0 1488.0 1075
30 0 0 0 0 1503.0 87
33 0 0 0 0 962.5 19
36 0 0 0 0 779.0 296
37 0 0 0 0 1392.5 39
46 0 0 0 0 686.5 19
52 0 0 0 0 524.5 528
54 0 0 0 0 1725.0 147
73 0 0 0 0 742.0 19
None
23
1 0 0 0 0 1084.0 241
2 0 0 0 0 1312.0 189
3 0 0 0 0 1261.5 344
4 0 0 0 0 1574.0 422
5 0 0 0 0 931.0 390
6 0 0 0 0 267.5 117
7 0 0 0 0 1485.5 119
8 0 0 0 0 782.5 33
9 0 0 0 0 607.5 43
10 0 0 0 0 1162.0 34
12 0 0 0 0 1256.0 18
13 0 0 0 0 813.5 20
14 0 0 0 0 1436.0 60
15 0 0 0 0 1147.5 35
21 0 0 0 0 762.0 174
22 0 0 0 0 1690.0 135
30 0 0 0 0 1502.0 86
33 0 0 0 0 962.5 19
36 0 0 0 0 783.0 295
37 0 0 0 0 1393.0 40
46 0 0 0 0 686.5 19
52 0 0 0 0 531.5 528
75 0 0 0 0 1780.5 156
None
26
1 0 0 0 0 1090.0 240
2 0 0 0 0 1316.5 190
3 0 0 0 0 1269.0 344
4 0 0 0 0 1573.0 418
5 0 0 0 0 937.5 384
6 0 0 0 0 267.5 118
7 0 0 0 0 1484.5 119
8 0 0 0 0 784.5 33
9 0 0 0 0 608.0 43
10 0 0 0 0 1162.0 34
12 0 0 0 0 1256.5 18
13 0 0 0 0 813.5 20
14 0 0 0 0 1435.0 60
15 0 0 0 0 1147.5 35
21 0 0 0 0 767.0 178
22 0 0 0 0 1690.0 136
29 0 0 0 0 1485.5 1076
30 0 0 0 0 1500.0 85
33 0 0 0 0 961.5 19
36 0 0 0 0 793.5 294
37 0 0 0 0 1395.0 40
38 0 0 0 0 1629.0 89
46 0 0 0 0 687.5 19
52 0 0 0 0 543.0 520
54 0 0 0 0 1722.0 141
75 0 0 0 0 1780.5 156
None
23
1 0 0 0 0 1097.0 235
2 0 0 0 0 1320.5 189
3 0 0 0 0 1273.0 346
4 0 0 0 0 1576.5 418
5 0 0 0 0 944.5 377
6 0 0 0 0 268.0 118
7 0 0 0 0 1482.5 119
8 0 0 0 0 785.5 34
9 0 0 0 0 608.0 43
10 0 0 0 0 1162.0 34
12 0 0 0 0 1256.5 19
13 0 0 0 0 814.5 19
14 0 0 0 0 1434.5 59
15 0 0 0 0 1147.5 36
21 0 0 0 0 773.5 184
22 0 0 0 0 1689.0 135
29 0 0 0 0 1486.0 1076
30 0 0 0 0 1497.5 86
33 0 0 0 0 961.5 19
36 0 0 0 0 798.0 287
38 0 0 0 0 1628.0 89
52 0 0 0 0 555.5 505
54 0 0 0 0 1723.5 143
None
21
1 0 0 0 0 1099.5 234
2 0 0 0 0 1322.5 189
3 0 0 0 0 1273.5 346
4 0 0 0 0 1578.0 418
5 0 0 0 0 947.0 375
6 0 0 0 0 268.0 119
7 0 0 0 0 1482.5 119
8 0 0 0 0 786.0 34
9 0 0 0 0 608.0 42
10 0 0 0 0 1162.0 34
12 0 0 0 0 1257.0 19
13 0 0 0 0 814.5 19
15 0 0 0 0 1147.5 36
21 0 0 0 0 775.5 187
22 0 0 0 0 1688.0 135
29 0 0 0 0 1486.5 1076
30 0 0 0 0 1496.0 87
36 0 0 0 0 799.5 283
38 0 0 0 0 1628.0 89
52 0 0 0 0 559.5 500
54 0 0 0 0 1724.5 144
None
24
1 0 0 0 0 1105.0 230
2 0 0 0 0 1326.5 189
3 0 0 0 0 1282.5 344
4 0 0 0 0 1583.5 419
5 0 0 0 0 953.5 370
6 0 0 0 0 266.5 119
7 0 0 0 0 1480.0 119
8 0 0 0 0 787.5 34
9 0 0 0 0 608.0 42
10 0 0 0 0 1162.0 34
12 0 0 0 0 1257.0 19
13 0 0 0 0 816.5 18
14 0 0 0 0 1430.0 59
15 0 0 0 0 1147.5 36
21 0 0 0 0 778.0 192
22 0 0 0 0 1687.5 135
29 0 0 0 0 1489.0 1076
30 0 0 0 0 1495.5 87
36 0 0 0 0 809.5 277
38 0 0 0 0 1627.5 89
40 0 0 0 0 1298.5 19
44 0 0 0 0 1717.0 145
52 0 0 0 0 573.5 493
54 0 0 0 0 1723.5 144
None
24
1 0 0 0 0 1113.0 228
2 0 0 0 0 1328.0 189
3 0 0 0 0 1296.5 342
4 0 0 0 0 1586.5 414
5 0 0 0 0 959.5 367
6 0 0 0 0 265.5 119
7 0 0 0 0 1477.0 119
8 0 0 0 0 788.0 35
9 0 0 0 0 608.0 42
10 0 0 0 0 1162.0 34
12 0 0 0 0 1257.0 18
13 0 0 0 0 818.5 18
14 0 0 0 0 1430.5 59
15 0 0 0 0 1147.5 37
21 0 0 0 0 782.5 194
22 0 0 0 0 1687.0 135
29 0 0 0 0 1490.5 1076
30 0 0 0 0 1494.0 86
33 0 0 0 0 962.0 19
36 0 0 0 0 816.0 273
38 0 0 0 0 1628.0 89
40 0 0 0 0 1299.0 20
44 0 0 0 0 1719.5 146
52 0 0 0 0 592.5 490
None
24
1 0 0 0 0 1115.5 227
2 0 0 0 0 1328.5 189
3 0 0 0 0 1301.5 341
4 0 0 0 0 1587.5 412
5 0 0 0 0 962.0 366
6 0 0 0 0 265.0 119
7 0 0 0 0 1476.5 118
8 0 0 0 0 788.5 35
9 0 0 0 0 608.0 42
10 0 0 0 0 1162.0 34
12 0 0 0 0 1257.0 18
13 0 0 0 0 819.5 17
14 0 0 0 0 1431.0 59
15 0 0 0 0 1147.5 37
21 0 0 0 0 784.0 195
22 0 0 0 0 1686.5 135
29 0 0 0 0 1491.0 1076
30 0 0 0 0 1493.5 86
33 0 0 0 0 962.0 19
36 0 0 0 0 818.5 271
38 0 0 0 0 1628.0 88
40 0 0 0 0 1299.0 20
44 0 0 0 0 1719.5 146
52 0 0 0 0 599.0 489
None
25
1 0 0 0 0 1126.0 225
2 0 0 0 0 1332.5 190
3 0 0 0 0 1325.5 340
4 0 0 0 0 1593.5 407
5 0 0 0 0 968.0 365
6 0 0 0 0 264.0 119
7 0 0 0 0 1475.0 118
8 0 0 0 0 790.5 35
9 0 0 0 0 608.5 42
10 0 0 0 0 1162.0 35
12 0 0 0 0 1258.0 18
13 0 0 0 0 820.0 17
14 0 0 0 0 1429.5 59
15 0 0 0 0 1147.5 37
21 0 0 0 0 790.0 191
22 0 0 0 0 1687.0 136
29 0 0 0 0 1492.0 1076
30 0 0 0 0 1492.5 87
33 0 0 0 0 963.0 19
36 0 0 0 0 824.0 269
38 0 0 0 0 1627.0 88
40 0 0 0 0 1299.0 19
44 0 0 0 0 1719.5 147
46 0 0 0 0 693.0 14
52 0 0 0 0 617.5 483
None
26
1 0 0 0 0 1136.0 224
2 0 0 0 0 1338.0 190
3 0 0 0 0 1347.5 340
4 0 0 0 0 1602.0 401
5 0 0 0 0 975.0 363
6 0 0 0 0 263.0 119
7 0 0 0 0 1473.5 120
8 0 0 0 0 792.5 35
9 0 0 0 0 609.0 42
10 0 0 0 0 1162.0 35
12 0 0 0 0 1259.0 17
13 0 0 0 0 821.0 19
14 0 0 0 0 1428.5 59
15 0 0 0 0 1147.5 37
21 0 0 0 0 801.0 168
22 0 0 0 0 1687.0 135
23 0 0 0 0 944.0 19
30 0 0 0 0 1491.5 89
33 0 0 0 0 964.0 19
36 0 0 0 0 828.0 269
38 0 0 0 0 1627.0 88
40 0 0 0 0 1299.5 18
44 0 0 0 0 1719.5 146
46 0 0 0 0 694.0 13
52 0 0 0 0 633.0 477
75 0 0 0 0 1775.5 157
None
23
1 0 0 0 0 1139.0 224
2 0 0 0 0 1340.0 190
3 0 0 0 0 1355.5 340
4 0 0 0 0 1605.0 398
5 0 0 0 0 977.5 362
6 0 0 0 0 263.0 119
7 0 0 0 0 1473.0 120
8 0 0 0 0 793.5 35
9 0 0 0 0 609.0 42
12 0 0 0 0 1259.0 17
13 0 0 0 0 821.5 19
14 0 0 0 0 1428.0 58
15 0 0 0 0 1147.5 37
21 0 0 0 0 805.0 159
22 0 0 0 0 1687.0 135
23 0 0 0 0 944.0 18
30 0 0 0 0 1491.0 89
33 0 0 0 0 964.0 19
36 0 0 0 0 829.0 269
40 0 0 0 0 1299.5 18
44 0 0 0 0 1719.5 146
52 0 0 0 0 638.0 475
75 0 0 0 0 1775.0 157
None
24
1 0 0 0 0 1145.0 221
2 0 0 0 0 1341.5 190
3 0 0 0 0 1363.0 340
4 0 0 0 0 1612.5 396
5 0 0 0 0 977.5 360
6 0 0 0 0 263.0 119
7 0 0 0 0 1471.5 120
8 0 0 0 0 796.0 31
9 0 0 0 0 609.5 42
10 0 0 0 0 1162.5 35
12 0 0 0 0 1259.0 17
13 0 0 0 0 822.5 19
14 0 0 0 0 1427.5 58
15 0 0 0 0 1147.5 37
21 0 0 0 0 814.0 159
22 0 0 0 0 1686.5 136
23 0 0 0 0 945.0 18
30 0 0 0 0 1490.0 92
33 0 0 0 0 964.0 20
36 0 0 0 0 834.0 266
40 0 0 0 0 1300.0 18
44 0 0 0 0 1718.5 145
52 0 0 0 0 650.0 475
75 0 0 0 0 1774.5 157
None
21
1 0 0 0 0 1151.5 220
2 0 0 0 0 1345.5 191
3 0 0 0 0 1370.0 336
4 0 0 0 0 1619.5 391
5 0 0 0 0 980.0 356
6 0 0 0 0 262.0 119
7 0 0 0 0 1470.0 121
8 0 0 0 0 799.0 31
9 0 0 0 0 610.0 42
10 0 0 0 0 1162.5 35
12 0 0 0 0 1259.0 18
13 0 0 0 0 824.5 19
14 0 0 0 0 1425.5 58
15 0 0 0 0 1147.5 37
21 0 0 0 0 822.5 171
22 0 0 0 0 1686.5 137
30 0 0 0 0 1489.0 92
33 0 0 0 0 964.0 20
36 0 0 0 0 839.5 263
44 0 0 0 0 1717.0 145
52 0 0 0 0 665.0 468
None
20
1 0 0 0 0 1154.0 219
2 0 0 0 0 1347.5 191
3 0 0 0 0 1372.0 335
4 0 0 0 0 1622.5 389
5 0 0 0 0 981.0 355
6 0 0 0 0 262.5 120
7 0 0 0 0 1473.0 121
8 0 0 0 0 799.5 30
9 0 0 0 0 610.0 42
10 0 0 0 0 1162.5 35
12 0 0 0 0 1259.0 18
13 0 0 0 0 824.5 20
14 0 0 0 0 1426.0 58
15 0 0 0 0 1147.5 37
21 0 0 0 0 825.5 176
22 0 0 0 0 1687.5 137
33 0 0 0 0 964.0 20
36 0 0 0 0 842.0 263
44 0 0 0 0 1716.5 145
52 0 0 0 0 670.5 466
1356 252
21
1 0 0 0 0 1157.5 216
2 0 0 0 0 1353.0 192
3 0 0 0 0 1384.0 324
4 0 0 0 0 1623.5 392
5 0 0 0 0 985.0 353
6 0 0 0 0 261.5 120
7 0 0 0 0 1471.0 121
8 0 0 0 0 802.5 30
9 0 0 0 0 611.0 42
10 0 0 0 0 1162.0 34
12 0 0 0 0 1259.0 18
13 0 0 0 0 826.5 21
14 0 0 0 0 1425.0 58
15 0 0 0 0 1147.0 37
21 0 0 0 0 831.0 181
22 0 0 0 0 1686.5 136
33 0 0 0 0 965.0 20
36 0 0 0 0 849.0 259
40 0 0 0 0 1301.0 19
44 0 0 0 0 1714.5 144
52 0 0 0 0 681.5 458
None
22
1 0 0 0 0 1161.5 216
2 0 0 0 0 1357.5 192
3 0 0 0 0 1397.5 319
4 0 0 0 0 1624.5 390
5 0 0 0 0 993.0 348
6 0 0 0 0 261.0 120
7 0 0 0 0 1469.0 121
8 0 0 0 0 805.0 31
9 0 0 0 0 612.0 41
10 0 0 0 0 1162.0 34
12 0 0 0 0 1259.0 18
13 0 0 0 0 827.5 21
14 0 0 0 0 1425.0 58
15 0 0 0 0 1147.0 37
21 0 0 0 0 835.0 182
22 0 0 0 0 1685.5 136
33 0 0 0 0 965.5 20
36 0 0 0 0 854.5 254
40 0 0 0 0 1301.0 19
44 0 0 0 0 1712.0 142
46 0 0 0 0 699.5 15
52 0 0 0 0 699.5 440
None
22
1 0 0 0 0 1163.5 216
2 0 0 0 0 1359.0 193
3 0 0 0 0 1402.5 318
4 0 0 0 0 1624.0 390
5 0 0 0 0 996.5 347
6 0 0 0 0 261.0 120
7 0 0 0 0 1469.0 121
8 0 0 0 0 806.0 31
9 0 0 0 0 612.5 41
10 0 0 0 0 1162.0 34
12 0 0 0 0 1259.0 18
14 0 0 0 0 1425.5 58
15 0 0 0 0 1147.0 37
21 0 0 0 0 836.0 182
22 0 0 0 0 1685.5 137
33 0 0 0 0 965.5 20
36 0 0 0 0 856.5 252
40 0 0 0 0 1301.0 20
44 0 0 0 0 1711.5 141
46 0 0 0 0 699.5 15
52 0 0 0 0 706.0 434
76 0 0 0 0 1096.0 29
None
23
1 0 0 0 0 1167.0 215
2 0 0 0 0 1363.0 193
3 0 0 0 0 1415.0 317
4 0 0 0 0 1622.5 390
5 0 0 0 0 1004.5 347
6 0 0 0 0 261.0 120
7 0 0 0 0 1468.0 122
8 0 0 0 0 808.0 31
9 0 0 0 0 613.0 39
10 0 0 0 0 1162.5 34
12 0 0 0 0 1260.0 18
13 0 0 0 0 830.0 20
14 0 0 0 0 1425.0 60
15 0 0 0 0 1147.0 37
21 0 0 0 0 839.0 183
22 0 0 0 0 1684.5 137
33 0 0 0 0 965.5 20
36 0 0 0 0 860.5 251
40 0 0 0 0 1301.0 20
44 0 0 0 0 1710.0 142
46 0 0 0 0 700.5 15
52 0 0 0 0 719.5 430
76 0 0 0 0 1096.0 29
None
24
1 0 0 0 0 1175.0 215
2 0 0 0 0 1366.5 193
3 0 0 0 0 1429.5 316
4 0 0 0 0 1623.5 391
5 0 0 0 0 1012.0 346
6 0 0 0 0 261.0 120
7 0 0 0 0 1467.0 123
8 0 0 0 0 810.0 30
9 0 0 0 0 614.0 39
10 0 0 0 0 1162.5 34
12 0 0 0 0 1260.0 18
13 0 0 0 0 831.0 19
14 0 0 0 0 1425.5 61
15 0 0 0 0 1147.0 37
21 0 0 0 0 850.0 178
22 0 0 0 0 1683.0 135
26 0 0 0 0 1346.5 23
33 0 0 0 0 965.5 20
36 0 0 0 0 867.0 250
40 0 0 0 0 1302.0 20
44 0 0 0 0 1708.5 141
52 0 0 0 0 739.5 428
75 0 0 0 0 1769.5 154
76 0 0 0 0 1095.0 29
None
23
1 0 0 0 0 1177.5 216
2 0 0 0 0 1368.5 193
3 0 0 0 0 1434.0 316
4 0 0 0 0 1624.0 390
5 0 0 0 0 1014.5 347
6 0 0 0 0 261.0 120
7 0 0 0 0 1467.0 123
8 0 0 0 0 810.5 30
9 0 0 0 0 614.5 38
12 0 0 0 0 1260.0 18
13 0 0 0 0 832.0 19
14 0 0 0 0 1426.0 61
15 0 0 0 0 1147.0 37
21 0 0 0 0 854.0 176
22 0 0 0 0 1683.0 135
26 0 0 0 0 1346.5 24
33 0 0 0 0 965.5 20
36 0 0 0 0 869.0 250
40 0 0 0 0 1302.5 21
44 0 0 0 0 1708.0 141
52 0 0 0 0 747.0 428
75 0 0 0 0 1769.5 153
76 0 0 0 0 1095.0 29
None
25
1 0 0 0 0 1180.0 215
2 0 0 0 0 1372.5 193
3 0 0 0 0 1443.0 319
4 0 0 0 0 1623.5 390
5 0 0 0 0 1021.0 347
6 0 0 0 0 261.5 119
7 0 0 0 0 1467.0 123
8 0 0 0 0 812.5 29
9 0 0 0 0 615.5 39
12 0 0 0 0 1259.5 18
13 0 0 0 0 833.0 19
14 0 0 0 0 1425.0 62
15 0 0 0 0 1147.5 37
21 0 0 0 0 860.5 154
22 0 0 0 0 1682.0 135
26 0 0 0 0 1347.5 24
33 0 0 0 0 965.5 20
36 0 0 0 0 871.5 251
39 0 0 0 0 833.5 22
40 0 0 0 0 1302.0 21
44 0 0 0 0 1706.0 139
52 0 0 0 0 752.5 427
73 0 0 0 0 762.0 16
75 0 0 0 0 1768.5 153
76 0 0 0 0 1095.0 29
None
22
1 0 0 0 0 1184.0 213
2 0 0 0 0 1379.0 195
3 0 0 0 0 1454.5 320
4 0 0 0 0 1623.0 381
5 0 0 0 0 1027.0 347
6 0 0 0 0 261.0 119
7 0 0 0 0 1465.5 121
8 0 0 0 0 814.0 28
9 0 0 0 0 616.5 40
12 0 0 0 0 1259.5 18
14 0 0 0 0 1423.0 62
15 0 0 0 0 1147.5 37
21 0 0 0 0 865.5 150
22 0 0 0 0 1681.5 137
33 0 0 0 0 965.5 20
36 0 0 0 0 873.5 249
39 0 0 0 0 833.0 21
40 0 0 0 0 1301.5 21
44 0 0 0 0 1704.5 140
52 0 0 0 0 761.5 423
73 0 0 0 0 763.0 15
75 0 0 0 0 1768.0 153
None
20
1 0 0 0 0 1185.5 211
2 0 0 0 0 1381.0 195
3 0 0 0 0 1458.5 321
4 0 0 0 0 1623.0 377
5 0 0 0 0 1028.5 348
6 0 0 0 0 261.0 119
7 0 0 0 0 1465.5 120
8 0 0 0 0 814.0 27
9 0 0 0 0 616.5 40
12 0 0 0 0 1259.5 18
14 0 0 0 0 1422.5 62
15 0 0 0 0 1147.0 37
21 0 0 0 0 867.0 148
22 0 0 0 0 1681.5 137
36 0 0 0 0 873.5 249
39 0 0 0 0 833.5 21
40 0 0 0 0 1301.5 21
44 0 0 0 0 1703.5 140
52 0 0 0 0 764.5 422
73 0 0 0 0 763.5 15
None
21
1 0 0 0 0 1189.0 212
2 0 0 0 0 1387.5 196
3 0 0 0 0 1461.0 321
4 0 0 0 0 1623.0 371
5 0 0 0 0 1034.0 347
6 0 0 0 0 261.0 119
7 0 0 0 0 1464.5 121
8 0 0 0 0 815.5 29
9 0 0 0 0 617.0 39
12 0 0 0 0 1259.5 18
14 0 0 0 0 1422.0 62
15 0 0 0 0 1147.0 37
20 0 0 0 0 1670.5 110
21 0 0 0 0 873.5 147
22 0 0 0 0 1681.5 130
36 0 0 0 0 876.0 248
39 0 0 0 0 834.0 20
40 0 0 0 0 1301.5 21
44 0 0 0 0 1703.5 140
52 0 0 0 0 776.0 418
73 0 0 0 0 764.5 15
None
20
1 0 0 0 0 1191.0 212
2 0 0 0 0 1391.5 198
3 0 0 0 0 1476.0 322
4 0 0 0 0 1626.0 368
5 0 0 0 0 1039.5 345
6 0 0 0 0 261.0 119
7 0 0 0 0 1464.5 121
8 0 0 0 0 817.5 28
9 0 0 0 0 618.0 39
12 0 0 0 0 1259.0 18
14 0 0 0 0 1421.5 61
15 0 0 0 0 1147.0 37
20 0 0 0 0 1677.0 112
21 0 0 0 0 878.0 141
22 0 0 0 0 1681.0 133
36 0 0 0 0 878.0 247
39 0 0 0 0 833.0 20
40 0 0 0 0 1302.5 21
44 0 0 0 0 1701.5 140
52 0 0 0 0 788.5 410
None
18
1 0 0 0 0 1191.5 212
2 0 0 0 0 1393.0 199
3 0 0 0 0 1481.0 322
4 0 0 0 0 1627.5 367
5 0 0 0 0 1041.5 345
6 0 0 0 0 261.0 119
7 0 0 0 0 1464.5 121
8 0 0 0 0 818.0 28
9 0 0 0 0 618.0 39
12 0 0 0 0 1259.0 18
14 0 0 0 0 1421.5 61
15 0 0 0 0 1147.0 37
21 0 0 0 0 879.5 139
22 0 0 0 0 1680.5 134
36 0 0 0 0 879.0 246
40 0 0 0 0 1302.5 21
44 0 0 0 0 1701.5 140
52 0 0 0 0 792.5 407
None
20
1 0 0 0 0 1193.0 210
2 0 0 0 0 1395.0 199
3 0 0 0 0 1487.5 323
4 0 0 0 0 1630.0 365
5 0 0 0 0 1043.0 346
6 0 0 0 0 261.0 119
7 0 0 0 0 1464.5 119
8 0 0 0 0 819.0 28
9 0 0 0 0 619.5 39
12 0 0 0 0 1259.0 17
14 0 0 0 0 1421.5 60
15 0 0 0 0 1147.0 37
21 0 0 0 0 886.5 154
22 0 0 0 0 1680.5 135
29 0 0 0 0 1486.5 1076
36 0 0 0 0 880.0 245
40 0 0 0 0 1302.5 21
44 0 0 0 0 1700.0 140
46 0 0 0 0 704.5 17
52 0 0 0 0 800.5 399
None
21
1 0 0 0 0 1195.0 206
2 0 0 0 0 1394.5 200
3 0 0 0 0 1504.0 322
4 0 0 0 0 1634.0 358
5 0 0 0 0 1049.0 340
6 0 0 0 0 261.0 119
7 0 0 0 0 1462.5 121
8 0 0 0 0 821.0 28
9 0 0 0 0 621.5 37
12 0 0 0 0 1258.0 17
14 0 0 0 0 1421.5 60
15 0 0 0 0 1147.5 37
21 0 0 0 0 891.5 158
22 0 0 0 0 1679.0 136
29 0 0 0 0 1486.5 1076
36 0 0 0 0 881.5 245
40 0 0 0 0 1303.0 19
44 0 0 0 0 1698.5 140
46 0 0 0 0 704.5 18
52 0 0 0 0 819.5 396
75 0 0 0 0 1762.0 152
None
20
1 0 0 0 0 1195.5 205
2 0 0 0 0 1394.0 200
3 0 0 0 0 1510.0 321
4 0 0 0 0 1635.5 356
5 0 0 0 0 1051.5 338
6 0 0 0 0 261.0 119
7 0 0 0 0 1462.5 122
8 0 0 0 0 821.0 27
9 0 0 0 0 622.0 36
12 0 0 0 0 1258.0 17
14 0 0 0 0 1421.5 60
15 0 0 0 0 1147.5 37
21 0 0 0 0 894.0 160
22 0 0 0 0 1678.5 136
36 0 0 0 0 882.0 245
40 0 0 0 0 1303.0 19
44 0 0 0 0 1698.5 140
46 0 0 0 0 704.5 18
52 0 0 0 0 825.5 395
75 0 0 0 0 1762.0 152
1592 281
21
1 0 0 0 0 1197.0 203
2 0 0 0 0 1395.5 200
3 0 0 0 0 1512.5 323
4 0 0 0 0 1643.5 357
5 0 0 0 0 1058.0 331
6 0 0 0 0 261.0 120
7 0 0 0 0 1462.0 124
8 0 0 0 0 823.0 27
9 0 0 0 0 624.0 35
12 0 0 0 0 1257.0 17
14 0 0 0 0 1421.5 60
15 0 0 0 0 1147.5 37
21 0 0 0 0 900.0 162
22 0 0 0 0 1678.0 137
36 0 0 0 0 883.0 245
38 0 0 0 0 1622.5 86
40 0 0 0 0 1303.0 19
44 0 0 0 0 1697.0 140
46 0 0 0 0 706.0 18
52 0 0 0 0 844.5 393
75 0 0 0 0 1761.0 152
None
21
1 0 0 0 0 1198.0 200
2 0 0 0 0 1395.0 200
3 0 0 0 0 1518.0 321
4 0 0 0 0 1642.0 357
5 0 0 0 0 1065.5 329
6 0 0 0 0 261.0 120
7 0 0 0 0 1461.0 125
8 0 0 0 0 824.5 27
9 0 0 0 0 625.0 35
10 0 0 0 0 1163.0 34
12 0 0 0 0 1257.0 17
14 0 0 0 0 1421.5 60
15 0 0 0 0 1147.5 37
21 0 0 0 0 904.5 151
22 0 0 0 0 1675.5 136
36 0 0 0 0 885.5 231
38 0 0 0 0 1622.5 86
44 0 0 0 0 1694.5 138
46 0 0 0 0 706.5 18
52 0 0 0 0 859.0 392
75 0 0 0 0 1758.5 150
None
18
1 0 0 0 0 1198.5 199
2 0 0 0 0 1395.0 200
3 0 0 0 0 1520.0 320
4 0 0 0 0 1641.5 357
5 0 0 0 0 1068.0 329
6 0 0 0 0 261.5 120
7 0 0 0 0 1460.5 126
8 0 0 0 0 825.0 27
9 0 0 0 0 626.0 35
10 0 0 0 0 1163.0 34
14 0 0 0 0 1421.5 60
15 0 0 0 0 1147.5 37
21 0 0 0 0 906.0 147
22 0 0 0 0 1675.0 136
36 0 0 0 0 886.5 223
44 0 0 0 0 1693.5 137
52 0 0 0 0 863.5 392
75 0 0 0 0 1757.5 150
None
18
1 0 0 0 0 1198.5 197
2 0 0 0 0 1395.0 200
3 0 0 0 0 1523.5 322
4 0 0 0 0 1645.0 358
5 0 0 0 0 1073.0 331
6 0 0 0 0 261.0 120
7 0 0 0 0 1460.0 124
8 0 0 0 0 826.0 27
9 0 0 0 0 627.5 36
10 0 0 0 0 1162.5 34
14 0 0 0 0 1421.5 60
15 0 0 0 0 1147.5 37
21 0 0 0 0 911.5 147
22 0 0 0 0 1675.5 136
36 0 0 0 0 882.0 205
44 0 0 0 0 1692.0 137
52 0 0 0 0 871.0 388
75 0 0 0 0 1757.0 149
1477 164
17
1 0 0 0 0 1202.0 195
2 0 0 0 0 1394.5 200
3 0 0 0 0 1531.0 318
4 0 0 0 0 1645.0 359
5 0 0 0 0 1078.0 328
6 0 0 0 0 261.0 120
7 0 0 0 0 1458.5 122
8 0 0 0 0 828.0 27
9 0 0 0 0 629.5 35
10 0 0 0 0 1162.5 34
14 0 0 0 0 1421.5 61
15 0 0 0 0 1147.5 37
21 0 0 0 0 919.0 146
22 0 0 0 0 1674.5 135
36 0 0 0 0 879.5 199
44 0 0 0 0 1690.0 138
52 0 0 0 0 880.5 387
1477 164
17
1 0 0 0 0 1203.0 194
2 0 0 0 0 1394.5 200
3 0 0 0 0 1533.0 317
4 0 0 0 0 1645.5 360
5 0 0 0 0 1079.0 327
6 0 0 0 0 261.0 120
7 0 0 0 0 1457.5 120
8 0 0 0 0 828.0 27
9 0 0 0 0 629.5 35
10 0 0 0 0 1162.5 34
14 0 0 0 0 1421.5 61
15 0 0 0 0 1147.5 37
21 0 0 0 0 921.5 146
22 0 0 0 0 1674.0 135
36 0 0 0 0 878.0 197
44 0 0 0 0 1690.0 138
52 0 0 0 0 884.5 386
None
18
1 0 0 0 0 1207.5 193
2 0 0 0 0 1395.0 200
3 0 0 0 0 1535.5 317
4 0 0 0 0 1649.0 360
5 0 0 0 0 1082.0 325
6 0 0 0 0 261.0 120
7 0 0 0 0 1457.0 121
8 0 0 0 0 829.0 27
9 0 0 0 0 631.5 34
10 0 0 0 0 1162.5 34
13 0 0 0 0 849.0 17
14 0 0 0 0 1422.0 61
15 0 0 0 0 1147.5 37
21 0 0 0 0 927.5 156
22 0 0 0 0 1673.5 135
36 0 0 0 0 878.5 203
44 0 0 0 0 1687.5 138
52 0 0 0 0 896.0 383
None
18
1 0 0 0 0 1206.0 193
2 0 0 0 0 1397.5 201
3 0 0 0 0 1542.5 317
4 0 0 0 0 1656.0 358
5 0 0 0 0 1088.0 323
6 0 0 0 0 261.0 120
7 0 0 0 0 1456.0 123
8 0 0 0 0 830.5 27
9 0 0 0 0 633.0 34
10 0 0 0 0 1162.5 34
13 0 0 0 0 850.0 16
14 0 0 0 0 1422.0 61
15 0 0 0 0 1147.5 37
21 0 0 0 0 933.0 158
36 0 0 0 0 879.0 228
44 0 0 0 0 1684.5 138
52 0 0 0 0 906.0 378
75 0 0 0 0 1755.5 148
None
15
1 0 0 0 0 1205.0 193
2 0 0 0 0 1398.5 201
3 0 0 0 0 1544.5 316
4 0 0 0 0 1658.5 357
5 0 0 0 0 1089.5 322
6 0 0 0 0 261.0 120
7 0 0 0 0 1456.0 124
8 0 0 0 0 830.5 26
9 0 0 0 0 633.5 34
14 0 0 0 0 1422.0 61
21 0 0 0 0 934.5 159
36 0 0 0 0 879.5 237
44 0 0 0 0 1683.5 138
52 0 0 0 0 909.0 377
75 0 0 0 0 1755.5 148
1392 100
15
1 0 0 0 0 1206.0 193
2 0 0 0 0 1399.0 199
3 0 0 0 0 1555.0 316
4 0 0 0 0 1659.5 358
5 0 0 0 0 1094.0 322
6 0 0 0 0 261.0 120
7 0 0 0 0 1455.5 125
8 0 0 0 0 832.0 26
9 0 0 0 0 635.5 35
14 0 0 0 0 1422.0 61
21 0 0 0 0 936.5 161
36 0 0 0 0 879.5 245
44 0 0 0 0 1681.5 139
52 0 0 0 0 922.0 367
75 0 0 0 0 1754.5 147
None
16
1 0 0 0 0 1212.5 193
2 0 0 0 0 1412.0 196
3 0 0 0 0 1564.0 316
4 0 0 0 0 1661.5 361
5 0 0 0 0 1097.5 320
6 0 0 0 0 261.0 120
7 0 0 0 0 1455.0 125
8 0 0 0 0 833.0 26
9 0 0 0 0 637.0 35
14 0 0 0 0 1422.5 61
21 0 0 0 0 940.5 162
36 0 0 0 0 879.0 244
38 0 0 0 0 1623.0 87
44 0 0 0 0 1677.0 138
52 0 0 0 0 938.0 361
75 0 0 0 0 1753.0 147
None
16
1 0 0 0 0 1215.0 193
2 0 0 0 0 1413.0 196
3 0 0 0 0 1567.5 315
4 0 0 0 0 1662.0 363
5 0 0 0 0 1098.5 319
6 0 0 0 0 261.0 120
7 0 0 0 0 1454.5 125
8 0 0 0 0 833.5 25
9 0 0 0 0 638.0 35
14 0 0 0 0 1422.5 61
21 0 0 0 0 942.5 162
36 0 0 0 0 878.5 243
38 0 0 0 0 1623.0 88
44 0 0 0 0 1675.0 138
52 0 0 0 0 944.0 360
75 0 0 0 0 1752.5 147
1804 336
19
1 0 0 0 0 1219.0 192
2 0 0 0 0 1426.0 192
3 0 0 0 0 1573.0 315
4 0 0 0 0 1662.0 369
5 0 0 0 0 1105.5 320
6 0 0 0 0 261.0 120
7 0 0 0 0 1454.0 120
8 0 0 0 0 834.0 25
9 0 0 0 0 639.5 36
10 0 0 0 0 1162.0 34
14 0 0 0 0 1422.5 59
15 0 0 0 0 1147.5 37
21 0 0 0 0 946.5 163
36 0 0 0 0 878.0 243
38 0 0 0 0 1623.0 89
44 0 0 0 0 1673.0 137
52 0 0 0 0 953.5 360
54 0 0 0 0 1672.0 137
75 0 0 0 0 1752.0 147
None
20
1 0 0 0 0 1221.0 192
2 0 0 0 0 1429.0 192
3 0 0 0 0 1574.0 313
4 0 0 0 0 1659.5 377
5 0 0 0 0 1115.0 320
6 0 0 0 0 261.0 120
7 0 0 0 0 1453.5 120
8 0 0 0 0 834.0 25
9 0 0 0 0 641.0 35
10 0 0 0 0 1162.0 34
14 0 0 0 0 1422.5 59
15 0 0 0 0 1147.5 37
21 0 0 0 0 954.0 163
33 0 0 0 0 966.0 19
36 0 0 0 0 875.5 249
38 0 0 0 0 1623.0 89
44 0 0 0 0 1672.0 137
52 0 0 0 0 963.0 358
54 0 0 0 0 1670.5 137
75 0 0 0 0 1751.5 145
None
17
1 0 0 0 0 1221.5 191
3 0 0 0 0 1575.0 313
4 0 0 0 0 1658.5 378
5 0 0 0 0 1117.5 319
6 0 0 0 0 261.0 119
8 0 0 0 0 834.5 25
9 0 0 0 0 641.5 35
10 0 0 0 0 1162.5 34
14 0 0 0 0 1422.5 59
15 0 0 0 0 1147.5 37
21 0 0 0 0 957.0 164
33 0 0 0 0 966.0 18
36 0 0 0 0 875.5 251
38 0 0 0 0 1623.0 90
44 0 0 0 0 1671.0 137
52 0 0 0 0 966.5 357
75 0 0 0 0 1751.5 146
None
16
1 0 0 0 0 1223.0 191
3 0 0 0 0 1575.5 312
4 0 0 0 0 1659.0 380
5 0 0 0 0 1126.5 320
6 0 0 0 0 261.0 119
8 0 0 0 0 836.5 26
9 0 0 0 0 642.0 35
10 0 0 0 0 1162.5 34
14 0 0 0 0 1422.0 59
15 0 0 0 0 1147.0 37
21 0 0 0 0 962.0 164
36 0 0 0 0 873.5 251
38 0 0 0 0 1623.0 90
44 0 0 0 0 1669.0 137
52 0 0 0 0 969.5 353
75 0 0 0 0 1750.5 147
None
18
1 0 0 0 0 1224.5 192
2 0 0 0 0 1444.5 176
3 0 0 0 0 1577.0 311
4 0 0 0 0 1662.5 381
5 0 0 0 0 1135.0 319
6 0 0 0 0 261.0 119
8 0 0 0 0 837.5 26
9 0 0 0 0 643.5 33
10 0 0 0 0 1162.5 34
12 0 0 0 0 1255.5 16
14 0 0 0 0 1421.5 58
15 0 0 0 0 1147.0 37
21 0 0 0 0 966.5 150
36 0 0 0 0 872.0 251
38 0 0 0 0 1623.0 90
44 0 0 0 0 1666.0 136
52 0 0 0 0 977.5 352
75 0 0 0 0 1749.5 147
None
18
1 0 0 0 0 1225.0 193
2 0 0 0 0 1445.5 174
3 0 0 0 0 1577.5 311
4 0 0 0 0 1664.0 382
5 0 0 0 0 1138.0 319
6 0 0 0 0 261.0 119
8 0 0 0 0 837.5 26
9 0 0 0 0 644.0 33
10 0 0 0 0 1162.5 34
12 0 0 0 0 1255.5 15
14 0 0 0 0 1421.5 58
15 0 0 0 0 1147.0 37
21 0 0 0 0 968.5 145
36 0 0 0 0 871.5 251
38 0 0 0 0 1623.0 90
44 0 0 0 0 1665.0 136
52 0 0 0 0 980.5 352
75 0 0 0 0 1749.0 147
None
18
1 0 0 0 0 1225.5 192
2 0 0 0 0 1449.5 172
3 0 0 0 0 1580.5 312
4 0 0 0 0 1670.0 381
5 0 0 0 0 1142.5 319
6 0 0 0 0 260.5 119
8 0 0 0 0 839.0 25
9 0 0 0 0 644.5 33
10 0 0 0 0 1162.0 34
12 0 0 0 0 1255.5 15
14 0 0 0 0 1421.5 57
15 0 0 0 0 1147.0 37
21 0 0 0 0 969.5 148
36 0 0 0 0 870.5 248
38 0 0 0 0 1623.0 90
44 0 0 0 0 1663.5 135
52 0 0 0 0 987.5 349
75 0 0 0 0 1748.5 147
None
20
1 0 0 0 0 1226.0 190
3 0 0 0 0 1586.0 312
4 0 0 0 0 1674.5 381
5 0 0 0 0 1145.5 319
6 0 0 0 0 260.5 119
8 0 0 0 0 840.5 25
9 0 0 0 0 646.5 32
10 0 0 0 0 1162.0 34
12 0 0 0 0 1255.0 15
14 0 0 0 0 1419.5 57
15 0 0 0 0 1147.0 37
21 0 0 0 0 972.0 152
30 0 0 0 0 1448.0 200
33 0 0 0 0 966.5 19
36 0 0 0 0 869.0 248
38 0 0 0 0 1623.0 90
40 0 0 0 0 1305.0 18
44 0 0 0 0 1661.0 135
52 0 0 0 0 987.0 344
75 0 0 0 0 1748.0 148
None
18
1 0 0 0 0 1226.5 190
3 0 0 0 0 1587.5 312
4 0 0 0 0 1676.0 381
5 0 0 0 0 1146.5 318
6 0 0 0 0 260.5 120
8 0 0 0 0 841.0 25
9 0 0 0 0 647.0 32
12 0 0 0 0 1255.0 15
14 0 0 0 0 1419.0 57
21 0 0 0 0 973.0 154
30 0 0 0 0 1447.5 202
33 0 0 0 0 966.5 19
36 0 0 0 0 868.5 248
38 0 0 0 0 1623.0 90
40 0 0 0 0 1305.0 18
44 0 0 0 0 1660.0 134
52 0 0 0 0 987.5 342
75 0 0 0 0 1747.0 148
None
20
1 0 0 0 0 1229.0 190
3 0 0 0 0 1587.0 312
4 0 0 0 0 1681.0 380
5 0 0 0 0 1148.5 316
6 0 0 0 0 261.0 120
8 0 0 0 0 842.0 25
9 0 0 0 0 648.5 31
10 0 0 0 0 1161.5 34
12 0 0 0 0 1255.5 15
14 0 0 0 0 1418.5 57
15 0 0 0 0 1147.0 37
21 0 0 0 0 977.5 155
30 0 0 0 0 1450.0 205
33 0 0 0 0 966.5 20
36 0 0 0 0 864.0 247
38 0 0 0 0 1623.0 89
40 0 0 0 0 1305.0 19
44 0 0 0 0 1658.0 134
52 0 0 0 0 1005.5 341
75 0 0 0 0 1746.5 148
None
19
1 0 0 0 0 1231.5 190
3 0 0 0 0 1590.5 312
4 0 0 0 0 1689.0 383
5 0 0 0 0 1153.5 315
6 0 0 0 0 261.0 120
8 0 0 0 0 843.0 24
9 0 0 0 0 650.5 31
10 0 0 0 0 1161.0 35
12 0 0 0 0 1255.5 15
14 0 0 0 0 1418.0 57
15 0 0 0 0 1147.5 37
21 0 0 0 0 981.5 157
30 0 0 0 0 1450.0 208
36 0 0 0 0 861.0 250
38 0 0 0 0 1623.5 89
40 0 0 0 0 1305.0 19
44 0 0 0 0 1657.5 134
52 0 0 0 0 1020.5 341
75 0 0 0 0 1746.0 148
None
18
1 0 0 0 0 1232.5 190
3 0 0 0 0 1592.0 312
4 0 0 0 0 1691.5 383
5 0 0 0 0 1154.5 314
6 0 0 0 0 261.0 120
8 0 0 0 0 843.5 24
9 0 0 0 0 651.5 31
10 0 0 0 0 1161.0 35
12 0 0 0 0 1255.5 15
15 0 0 0 0 1147.5 37
21 0 0 0 0 983.0 157
30 0 0 0 0 1450.0 209
36 0 0 0 0 859.5 251
38 0 0 0 0 1623.5 89
40 0 0 0 0 1305.0 19
44 0 0 0 0 1657.0 134
52 0 0 0 0 1026.0 341
75 0 0 0 0 1746.0 148
1804 336
19
1 0 0 0 0 1235.5 190
3 0 0 0 0 1596.5 311
4 0 0 0 0 1695.5 385
5 0 0 0 0 1157.5 314
6 0 0 0 0 261.0 120
8 0 0 0 0 844.0 24
9 0 0 0 0 653.5 31
10 0 0 0 0 1161.0 36
12 0 0 0 0 1256.0 15
15 0 0 0 0 1147.0 36
21 0 0 0 0 985.0 158
26 0 0 0 0 1387.0 32
30 0 0 0 0 1449.0 211
36 0 0 0 0 855.5 252
38 0 0 0 0 1623.5 89
40 0 0 0 0 1304.5 18
44 0 0 0 0 1660.0 135
52 0 0 0 0 1037.5 338
75 0 0 0 0 1746.0 148
1804 336
21
1 0 0 0 0 1236.5 188
3 0 0 0 0 1602.0 311
4 0 0 0 0 1699.0 392
5 0 0 0 0 1163.0 316
6 0 0 0 0 261.0 120
8 0 0 0 0 845.0 25
9 0 0 0 0 654.5 30
10 0 0 0 0 1161.0 35
12 0 0 0 0 1256.0 15
14 0 0 0 0 1413.0 55
15 0 0 0 0 1147.5 36
21 0 0 0 0 989.0 157
26 0 0 0 0 1387.5 32
36 0 0 0 0 851.5 252
37 0 0 0 0 1343.5 24
38 0 0 0 0 1623.5 88
40 0 0 0 0 1305.0 17
44 0 0 0 0 1660.0 135
52 0 0 0 0 1047.5 336
54 0 0 0 0 1647.5 131
75 0 0 0 0 1744.0 146
1804 336
22
1 0 0 0 0 1237.0 188
3 0 0 0 0 1604.0 311
4 0 0 0 0 1700.5 395
5 0 0 0 0 1164.5 317
6 0 0 0 0 261.0 120
8 0 0 0 0 845.0 25
9 0 0 0 0 655.0 29
10 0 0 0 0 1161.0 35
12 0 0 0 0 1256.0 15
14 0 0 0 0 1412.5 54
15 0 0 0 0 1147.5 35
21 0 0 0 0 990.5 157
26 0 0 0 0 1387.0 32
36 0 0 0 0 850.5 252
37 0 0 0 0 1342.5 23
38 0 0 0 0 1623.5 88
40 0 0 0 0 1305.5 17
44 0 0 0 0 1660.5 135
52 0 0 0 0 1051.0 336
54 0 0 0 0 1647.5 130
75 0 0 0 0 1744.0 146
81 0 0 0 0 1804.5 336
None
22
1 0 0 0 0 1237.5 189
3 0 0 0 0 1606.5 310
4 0 0 0 0 1701.0 400
5 0 0 0 0 1171.0 319
6 0 0 0 0 260.5 119
8 0 0 0 0 845.0 25
9 0 0 0 0 657.0 28
10 0 0 0 0 1161.5 35
12 0 0 0 0 1256.0 15
14 0 0 0 0 1411.5 54
15 0 0 0 0 1147.5 35
21 0 0 0 0 993.5 155
26 0 0 0 0 1387.0 32
36 0 0 0 0 846.5 254
37 0 0 0 0 1342.5 23
38 0 0 0 0 1623.0 88
40 0 0 0 0 1305.0 17
44 0 0 0 0 1659.5 135
52 0 0 0 0 1054.0 334
54 0 0 0 0 1645.5 130
75 0 0 0 0 1742.5 145
81 0 0 0 0 1804.5 336
None
22
1 0 0 0 0 1239.0 187
3 0 0 0 0 1607.0 310
4 0 0 0 0 1702.5 402
5 0 0 0 0 1176.0 321
6 0 0 0 0 261.0 119
8 0 0 0 0 846.0 24
9 0 0 0 0 658.0 28
10 0 0 0 0 1161.5 35
12 0 0 0 0 1256.0 15
13 0 0 0 0 869.0 16
15 0 0 0 0 1147.5 36
18 0 0 0 0 1372.0 23
21 0 0 0 0 996.0 155
26 0 0 0 0 1386.5 34
36 0 0 0 0 842.5 259
37 0 0 0 0 1342.5 22
38 0 0 0 0 1623.0 88
40 0 0 0 0 1305.0 17
44 0 0 0 0 1660.0 135
52 0 0 0 0 1056.0 336
54 0 0 0 0 1638.5 127
75 0 0 0 0 1741.0 144
None
20
1 0 0 0 0 1239.5 187
3 0 0 0 0 1606.5 310
4 0 0 0 0 1702.5 402
5 0 0 0 0 1177.5 321
6 0 0 0 0 261.0 119
8 0 0 0 0 846.5 24
9 0 0 0 0 659.0 28
10 0 0 0 0 1161.5 34
13 0 0 0 0 869.5 16
15 0 0 0 0 1147.5 36
18 0 0 0 0 1372.5 23
21 0 0 0 0 996.5 155
26 0 0 0 0 1386.5 34
36 0 0 0 0 841.5 260
37 0 0 0 0 1342.0 22
38 0 0 0 0 1623.0 88
44 0 0 0 0 1660.5 135
52 0 0 0 0 1056.0 336
54 0 0 0 0 1637.0 126
75 0 0 0 0 1740.5 143
None
23
1 0 0 0 0 1243.0 188
3 0 0 0 0 1610.0 310
4 0 0 0 0 1701.5 405
5 0 0 0 0 1184.0 322
6 0 0 0 0 261.5 118
8 0 0 0 0 847.0 23
9 0 0 0 0 661.0 28
10 0 0 0 0 1161.5 34
13 0 0 0 0 869.0 16
15 0 0 0 0 1147.5 36
18 0 0 0 0 1372.5 23
21 0 0 0 0 1000.5 155
26 0 0 0 0 1386.0 34
29 0 0 0 0 1487.5 1076
33 0 0 0 0 968.0 18
36 0 0 0 0 837.0 260
37 0 0 0 0 1342.5 22
38 0 0 0 0 1622.5 88
44 0 0 0 0 1660.0 135
52 0 0 0 0 1058.5 337
54 0 0 0 0 1635.5 126
75 0 0 0 0 1739.5 143
82 0 0 0 0 1460.5 224
None
25
1 0 0 0 0 1244.0 189
3 0 0 0 0 1611.0 311
4 0 0 0 0 1702.5 407
5 0 0 0 0 1198.0 321
6 0 0 0 0 261.0 118
8 0 0 0 0 848.0 23
9 0 0 0 0 663.0 29
10 0 0 0 0 1161.5 34
12 0 0 0 0 1257.0 16
13 0 0 0 0 869.5 16
15 0 0 0 0 1147.5 36
18 0 0 0 0 1372.0 23
21 0 0 0 0 1002.0 154
26 0 0 0 0 1386.0 32
29 0 0 0 0 1487.5 1075
33 0 0 0 0 969.5 17
36 0 0 0 0 832.5 259
37 0 0 0 0 1341.5 22
38 0 0 0 0 1622.5 88
40 0 0 0 0 1305.5 18
44 0 0 0 0 1659.5 135
52 0 0 0 0 1061.5 336
54 0 0 0 0 1632.0 128
75 0 0 0 0 1738.5 144
82 0 0 0 0 1461.0 223
None
22
1 0 0 0 0 1244.5 189
3 0 0 0 0 1611.5 311
4 0 0 0 0 1703.0 408
5 0 0 0 0 1203.5 321
6 0 0 0 0 261.0 118
8 0 0 0 0 848.5 23
9 0 0 0 0 664.0 29
10 0 0 0 0 1161.5 34
12 0 0 0 0 1257.0 16
13 0 0 0 0 869.5 16
15 0 0 0 0 1147.5 37
18 0 0 0 0 1372.0 23
21 0 0 0 0 1003.0 154
26 0 0 0 0 1385.5 32
33 0 0 0 0 969.5 17
36 0 0 0 0 831.5 258
38 0 0 0 0 1623.0 87
40 0 0 0 0 1305.5 18
44 0 0 0 0 1659.5 135
52 0 0 0 0 1062.5 336
54 0 0 0 0 1631.0 128
75 0 0 0 0 1738.5 144
None
22
1 0 0 0 0 1244.5 187
3 0 0 0 0 1611.5 307
4 0 0 0 0 1702.5 405
5 0 0 0 0 1218.5 321
6 0 0 0 0 261.5 118
8 0 0 0 0 849.0 24
9 0 0 0 0 666.5 30
10 0 0 0 0 1161.5 35
12 0 0 0 0 1257.0 17
13 0 0 0 0 870.0 16
15 0 0 0 0 1148.0 37
18 0 0 0 0 1372.0 23
21 0 0 0 0 1001.5 153
26 0 0 0 0 1385.5 32
33 0 0 0 0 969.5 17
36 0 0 0 0 828.0 262
38 0 0 0 0 1623.0 88
40 0 0 0 0 1305.5 19
44 0 0 0 0 1658.5 135
52 0 0 0 0 1070.0 334
54 0 0 0 0 1629.5 126
75 0 0 0 0 1738.5 144
None
22
1 0 0 0 0 1245.5 187
3 0 0 0 0 1612.5 306
4 0 0 0 0 1703.5 407
5 0 0 0 0 1233.5 322
6 0 0 0 0 261.5 118
8 0 0 0 0 851.0 24
9 0 0 0 0 668.5 28
10 0 0 0 0 1161.5 35
12 0 0 0 0 1257.0 17
15 0 0 0 0 1147.5 37
18 0 0 0 0 1372.0 23
21 0 0 0 0 1001.5 153
26 0 0 0 0 1385.5 31
33 0 0 0 0 969.5 17
36 0 0 0 0 822.5 260
38 0 0 0 0 1623.0 88
40 0 0 0 0 1305.0 19
44 0 0 0 0 1658.5 135
52 0 0 0 0 1079.5 327
54 0 0 0 0 1625.5 125
75 0 0 0 0 1737.0 144
82 0 0 0 0 1459.0 222
None
19
1 0 0 0 0 1245.5 186
3 0 0 0 0 1612.0 305
4 0 0 0 0 1703.5 408
5 0 0 0 0 1239.0 322
6 0 0 0 0 261.5 118
8 0 0 0 0 852.0 25
9 0 0 0 0 669.0 28
10 0 0 0 0 1161.5 35
15 0 0 0 0 1147.5 37
18 0 0 0 0 1372.0 23
21 0 0 0 0 1001.5 153
26 0 0 0 0 1385.5 31
36 0 0 0 0 821.5 259
40 0 0 0 0 1305.0 19
44 0 0 0 0 1658.5 135
52 0 0 0 0 1082.5 325
54 0 0 0 0 1624.5 124
75 0 0 0 0 1736.0 144
82 0 0 0 0 1458.5 222
None
21
1 0 0 0 0 1243.5 186
3 0 0 0 0 1612.0 307
4 0 0 0 0 1705.0 408
5 0 0 0 0 1253.0 326
6 0 0 0 0 261.5 118
8 0 0 0 0 853.0 25
9 0 0 0 0 670.0 27
10 0 0 0 0 1161.5 36
12 0 0 0 0 1257.0 16
15 0 0 0 0 1147.5 37
18 0 0 0 0 1372.5 23
21 0 0 0 0 1003.0 154
26 0 0 0 0 1384.5 30
29 0 0 0 0 1465.5 1078
36 0 0 0 0 817.5 262
40 0 0 0 0 1305.0 19
44 0 0 0 0 1657.5 135
52 0 0 0 0 1093.0 323
54 0 0 0 0 1622.5 126
75 0 0 0 0 1735.0 144
82 0 0 0 0 1458.5 222
None
21
1 0 0 0 0 1242.0 186
3 0 0 0 0 1613.5 308
4 0 0 0 0 1705.5 409
5 0 0 0 0 1266.0 331
6 0 0 0 0 262.0 118
8 0 0 0 0 853.5 25
9 0 0 0 0 671.5 28
10 0 0 0 0 1161.5 36
12 0 0 0 0 1257.0 16
15 0 0 0 0 1148.0 37
18 0 0 0 0 1372.5 23
21 0 0 0 0 1004.5 154
26 0 0 0 0 1384.5 30
29 0 0 0 0 1455.0 1079
36 0 0 0 0 814.0 267
40 0 0 0 0 1304.0 19
44 0 0 0 0 1658.5 135
52 0 0 0 0 1102.0 321
54 0 0 0 0 1620.0 122
75 0 0 0 0 1734.0 145
76 0 0 0 0 1156.0 35
None
19
1 0 0 0 0 1242.0 186
3 0 0 0 0 1613.5 308
4 0 0 0 0 1705.5 409
5 0 0 0 0 1271.0 333
6 0 0 0 0 262.0 118
8 0 0 0 0 854.0 25
9 0 0 0 0 672.0 28
12 0 0 0 0 1257.0 16
15 0 0 0 0 1148.0 37
21 0 0 0 0 1004.5 154
26 0 0 0 0 1384.5 29
29 0 0 0 0 1451.5 1079
36 0 0 0 0 812.5 269
40 0 0 0 0 1304.0 19
44 0 0 0 0 1658.5 135
52 0 0 0 0 1105.0 321
54 0 0 0 0 1619.5 121
75 0 0 0 0 1733.5 145
76 0 0 0 0 1156.5 36
None
21
1 0 0 0 0 1242.5 186
3 0 0 0 0 1615.5 306
4 0 0 0 0 1706.0 410
5 0 0 0 0 1281.0 338
6 0 0 0 0 261.5 118
8 0 0 0 0 856.0 24
9 0 0 0 0 674.0 28
12 0 0 0 0 1257.0 16
15 0 0 0 0 1148.0 37
21 0 0 0 0 1005.0 156
22 0 0 0 0 1618.5 123
26 0 0 0 0 1384.5 29
29 0 0 0 0 1441.5 1079
30 0 0 0 0 1464.0 224
36 0 0 0 0 809.0 271
40 0 0 0 0 1304.0 19
44 0 0 0 0 1658.0 135
52 0 0 0 0 1107.0 320
54 0 0 0 0 1617.5 120
75 0 0 0 0 1733.5 145
76 0 0 0 0 1160.5 36
None
18
1 0 0 0 0 1241.5 186
3 0 0 0 0 1616.5 306
4 0 0 0 0 1705.0 413
5 0 0 0 0 1293.0 344
6 0 0 0 0 261.5 119
8 0 0 0 0 856.5 24
9 0 0 0 0 676.0 28
15 0 0 0 0 1147.5 37
21 0 0 0 0 1008.0 155
22 0 0 0 0 1616.0 124
29 0 0 0 0 1438.5 1079
30 0 0 0 0 1464.0 224
36 0 0 0 0 805.5 272
40 0 0 0 0 1303.5 19
44 0 0 0 0 1657.5 135
52 0 0 0 0 1106.0 321
75 0 0 0 0 1732.5 145
76 0 0 0 0 1157.5 36
None
18
1 0 0 0 0 1240.5 186
3 0 0 0 0 1616.5 305
4 0 0 0 0 1705.0 414
5 0 0 0 0 1296.5 346
6 0 0 0 0 261.5 119
8 0 0 0 0 857.0 24
9 0 0 0 0 677.0 27
15 0 0 0 0 1147.5 37
21 0 0 0 0 1008.5 155
22 0 0 0 0 1615.0 124
29 0 0 0 0 1436.5 1079
30 0 0 0 0 1464.5 225
36 0 0 0 0 804.0 273
40 0 0 0 0 1303.5 19
44 0 0 0 0 1657.5 135
52 0 0 0 0 1105.5 321
75 0 0 0 0 1732.5 145
76 0 0 0 0 1156.5 36
None
19
1 0 0 0 0 1241.5 185
3 0 0 0 0 1618.0 305
4 0 0 0 0 1703.0 416
5 0 0 0 0 1299.0 348
6 0 0 0 0 261.5 119
8 0 0 0 0 857.5 22
9 0 0 0 0 678.5 27
12 0 0 0 0 1256.5 16
15 0 0 0 0 1147.5 37
21 0 0 0 0 1007.5 157
22 0 0 0 0 1614.0 123
29 0 0 0 0 1437.5 1079
30 0 0 0 0 1464.0 225
36 0 0 0 0 802.0 276
40 0 0 0 0 1303.0 19
44 0 0 0 0 1657.5 135
52 0 0 0 0 1110.5 320
75 0 0 0 0 1732.5 145
76 0 0 0 0 1155.5 37
None
21
1 0 0 0 0 1244.5 185
3 0 0 0 0 1617.5 305
4 0 0 0 0 1701.5 419
5 0 0 0 0 1305.5 353
6 0 0 0 0 261.0 120
8 0 0 0 0 858.5 22
9 0 0 0 0 681.5 27
12 0 0 0 0 1256.5 16
14 0 0 0 0 1409.5 55
15 0 0 0 0 1147.0 37
21 0 0 0 0 1007.5 157
22 0 0 0 0 1613.0 123
26 0 0 0 0 1382.5 30
29 0 0 0 0 1436.5 1079
30 0 0 0 0 1460.0 225
36 0 0 0 0 800.5 279
40 0 0 0 0 1303.0 19
44 0 0 0 0 1657.5 136
52 0 0 0 0 1114.0 320
75 0 0 0 0 1732.0 144
76 0 0 0 0 1155.5 37
None
21
1 0 0 0 0 1245.5 186
3 0 0 0 0 1618.0 305
4 0 0 0 0 1700.5 418
5 0 0 0 0 1312.5 355
6 0 0 0 0 260.5 120
8 0 0 0 0 859.0 23
9 0 0 0 0 682.5 27
14 0 0 0 0 1409.5 55
15 0 0 0 0 1147.0 37
21 0 0 0 0 1007.0 158
22 0 0 0 0 1613.0 122
26 0 0 0 0 1382.5 30
29 0 0 0 0 1439.5 1079
30 0 0 0 0 1462.0 225
33 0 0 0 0 971.0 16
36 0 0 0 0 800.0 281
40 0 0 0 0 1303.0 19
44 0 0 0 0 1658.0 136
52 0 0 0 0 1115.0 320
75 0 0 0 0 1732.0 144
76 0 0 0 0 1155.5 36
None
19
1 0 0 0 0 1246.0 186
3 0 0 0 0 1619.5 303
4 0 0 0 0 1700.0 416
5 0 0 0 0 1328.5 356
6 0 0 0 0 260.5 120
8 0 0 0 0 859.0 22
9 0 0 0 0 685.0 27
14 0 0 0 0 1408.5 55
21 0 0 0 0 1007.0 158
22 0 0 0 0 1612.0 122
29 0 0 0 0 1437.0 1079
30 0 0 0 0 1462.0 225
33 0 0 0 0 971.0 16
36 0 0 0 0 799.0 281
40 0 0 0 0 1303.0 19
44 0 0 0 0 1658.5 136
52 0 0 0 0 1118.0 319
75 0 0 0 0 1730.0 144
76 0 0 0 0 1155.5 36
None
18
1 0 0 0 0 1247.5 185
3 0 0 0 0 1620.5 303
4 0 0 0 0 1698.5 418
5 0 0 0 0 1343.5 356
6 0 0 0 0 260.5 120
8 0 0 0 0 860.5 23
9 0 0 0 0 686.5 25
14 0 0 0 0 1408.0 56
21 0 0 0 0 1008.0 158
22 0 0 0 0 1609.5 123
23 0 0 0 0 1096.0 29
30 0 0 0 0 1461.0 225
36 0 0 0 0 797.0 285
40 0 0 0 0 1302.5 18
44 0 0 0 0 1657.5 136
52 0 0 0 0 1120.5 318
75 0 0 0 0 1729.0 143
76 0 0 0 0 1155.5 36
None
17
1 0 0 0 0 1248.0 185
3 0 0 0 0 1621.5 303
4 0 0 0 0 1698.0 420
5 0 0 0 0 1349.0 356
6 0 0 0 0 260.5 120
8 0 0 0 0 861.0 23
9 0 0 0 0 687.0 24
21 0 0 0 0 1008.0 158
22 0 0 0 0 1608.5 123
23 0 0 0 0 1097.0 30
30 0 0 0 0 1460.5 225
36 0 0 0 0 795.5 286
40 0 0 0 0 1303.0 18
44 0 0 0 0 1657.5 136
52 0 0 0 0 1121.5 318
75 0 0 0 0 1729.0 143
76 0 0 0 0 1155.5 36
None
17
1 0 0 0 0 1249.5 185
3 0 0 0 0 1622.5 303
4 0 0 0 0 1695.5 421
5 0 0 0 0 1361.5 356
6 0 0 0 0 260.5 120
8 0 0 0 0 862.0 22
9 0 0 0 0 689.0 23
21 0 0 0 0 1009.0 158
22 0 0 0 0 1606.5 123
23 0 0 0 0 1097.5 29
30 0 0 0 0 1461.5 225
36 0 0 0 0 795.0 285
40 0 0 0 0 1302.5 18
44 0 0 0 0 1658.5 136
52 0 0 0 0 1127.5 316
75 0 0 0 0 1728.5 142
76 0 0 0 0 1155.5 37
None
19
1 0 0 0 0 1250.0 185
3 0 0 0 0 1624.0 303
4 0 0 0 0 1693.5 420
5 0 0 0 0 1369.0 357
6 0 0 0 0 261.0 120
8 0 0 0 0 863.0 21
9 0 0 0 0 692.0 23
12 0 0 0 0 1259.0 15
21 0 0 0 0 1010.0 159
22 0 0 0 0 1604.5 123
23 0 0 0 0 1097.5 29
30 0 0 0 0 1457.5 225
33 0 0 0 0 972.0 16
36 0 0 0 0 792.0 288
40 0 0 0 0 1302.0 18
44 0 0 0 0 1659.0 137
52 0 0 0 0 1137.5 316
75 0 0 0 0 1727.5 142
76 0 0 0 0 1156.0 37
None
19
1 0 0 0 0 1250.5 184
3 0 0 0 0 1624.5 304
4 0 0 0 0 1693.0 420
5 0 0 0 0 1371.0 357
6 0 0 0 0 261.0 120
8 0 0 0 0 864.0 21
9 0 0 0 0 692.5 23
12 0 0 0 0 1259.0 15
21 0 0 0 0 1011.0 159
22 0 0 0 0 1603.5 122
23 0 0 0 0 1097.5 29
30 0 0 0 0 1455.0 224
33 0 0 0 0 972.0 15
36 0 0 0 0 791.5 289
40 0 0 0 0 1302.0 18
44 0 0 0 0 1659.5 137
52 0 0 0 0 1141.0 316
75 0 0 0 0 1726.5 141
76 0 0 0 0 1156.0 37
None
22
1 0 0 0 0 1251.0 184
3 0 0 0 0 1625.5 301
4 0 0 0 0 1691.5 422
5 0 0 0 0 1381.5 360
6 0 0 0 0 260.5 120
8 0 0 0 0 866.5 22
9 0 0 0 0 694.0 25
12 0 0 0 0 1259.0 15
14 0 0 0 0 1423.0 58
21 0 0 0 0 1012.5 159
22 0 0 0 0 1603.5 124
23 0 0 0 0 1096.5 29
30 0 0 0 0 1455.0 224
33 0 0 0 0 972.0 15
36 0 0 0 0 788.5 294
38 0 0 0 0 1626.0 98
40 0 0 0 0 1301.5 18
44 0 0 0 0 1660.0 137
52 0 0 0 0 1144.0 315
75 0 0 0 0 1725.5 141
76 0 0 0 0 1156.5 37
82 0 0 0 0 1451.5 223
None
21
1 0 0 0 0 1251.0 184
3 0 0 0 0 1627.0 301
4 0 0 0 0 1691.5 425
5 0 0 0 0 1392.5 368
6 0 0 0 0 261.0 120
8 0 0 0 0 868.5 24
9 0 0 0 0 695.5 25
12 0 0 0 0 1259.5 15
14 0 0 0 0 1424.0 59
21 0 0 0 0 1014.5 159
22 0 0 0 0 1601.0 125
23 0 0 0 0 1096.0 29
30 0 0 0 0 1459.5 224
33 0 0 0 0 974.5 16
36 0 0 0 0 785.5 294
38 0 0 0 0 1626.5 103
40 0 0 0 0 1301.5 18
44 0 0 0 0 1660.5 136
52 0 0 0 0 1148.0 316
75 0 0 0 0 1725.0 141
82 0 0 0 0 1451.0 223
None
19
1 0 0 0 0 1251.5 184
3 0 0 0 0 1628.0 301
4 0 0 0 0 1692.0 426
5 0 0 0 0 1395.0 370
6 0 0 0 0 261.0 120
8 0 0 0 0 869.5 24
9 0 0 0 0 696.0 25
12 0 0 0 0 1259.0 15
14 0 0 0 0 1424.0 59
21 0 0 0 0 1014.5 160
22 0 0 0 0 1600.0 125
23 0 0 0 0 1095.5 30
30 0 0 0 0 1460.5 224
33 0 0 0 0 974.5 16
36 0 0 0 0 784.0 294
38 0 0 0 0 1627.0 105
40 0 0 0 0 1301.0 18
44 0 0 0 0 1660.5 136
52 0 0 0 0 1149.5 316
None
20
1 0 0 0 0 1251.5 183
3 0 0 0 0 1629.0 301
4 0 0 0 0 1686.5 429
5 0 0 0 0 1411.0 378
6 0 0 0 0 261.0 120
8 0 0 0 0 870.5 23
9 0 0 0 0 698.0 25
12 0 0 0 0 1259.5 15
14 0 0 0 0 1424.5 58
21 0 0 0 0 1016.0 161
22 0 0 0 0 1599.0 125
23 0 0 0 0 1095.0 30
30 0 0 0 0 1460.5 224
33 0 0 0 0 974.5 16
36 0 0 0 0 780.5 295
38 0 0 0 0 1626.5 106
40 0 0 0 0 1301.5 18
44 0 0 0 0 1660.5 136
52 0 0 0 0 1156.0 315
75 0 0 0 0 1722.5 141
None
19
1 0 0 0 0 1251.0 183
3 0 0 0 0 1629.0 301
4 0 0 0 0 1682.0 437
5 0 0 0 0 1421.5 380
6 0 0 0 0 261.0 120
8 0 0 0 0 872.0 23
9 0 0 0 0 700.0 25
12 0 0 0 0 1260.0 15
14 0 0 0 0 1425.0 58
21 0 0 0 0 1015.5 161
22 0 0 0 0 1597.5 124
23 0 0 0 0 1094.5 30
30 0 0 0 0 1460.0 223
36 0 0 0 0 776.5 294
38 0 0 0 0 1627.0 106
40 0 0 0 0 1301.0 17
44 0 0 0 0 1660.5 136
52 0 0 0 0 1161.5 315
75 0 0 0 0 1721.5 141
None
16
1 0 0 0 0 1251.0 183
3 0 0 0 0 1629.0 301
4 0 0 0 0 1679.5 441
5 0 0 0 0 1425.5 381
6 0 0 0 0 261.0 120
8 0 0 0 0 872.5 23
9 0 0 0 0 700.0 25
14 0 0 0 0 1425.0 59
21 0 0 0 0 1016.0 162
22 0 0 0 0 1597.5 124
23 0 0 0 0 1094.5 30
30 0 0 0 0 1460.0 223
36 0 0 0 0 775.5 293
44 0 0 0 0 1660.5 136
52 0 0 0 0 1163.0 315
75 0 0 0 0 1721.0 141
None
17
1 0 0 0 0 1250.5 183
3 0 0 0 0 1630.0 302
4 0 0 0 0 1675.5 441
5 0 0 0 0 1434.0 388
6 0 0 0 0 261.0 120
8 0 0 0 0 872.5 24
9 0 0 0 0 701.5 24
14 0 0 0 0 1425.0 59
21 0 0 0 0 1013.0 160
22 0 0 0 0 1595.5 124
23 0 0 0 0 1094.5 30
30 0 0 0 0 1459.5 223
36 0 0 0 0 772.0 298
40 0 0 0 0 1300.0 17
44 0 0 0 0 1660.5 135
52 0 0 0 0 1164.5 317
75 0 0 0 0 1721.0 142
None
17
1 0 0 0 0 1248.0 183
3 0 0 0 0 1632.0 303
4 0 0 0 0 1674.0 447
5 0 0 0 0 1449.0 395
6 0 0 0 0 261.0 119
8 0 0 0 0 874.0 24
9 0 0 0 0 702.5 24
14 0 0 0 0 1424.5 59
21 0 0 0 0 1011.5 160
22 0 0 0 0 1593.5 124
23 0 0 0 0 1094.5 30
30 0 0 0 0 1459.5 222
36 0 0 0 0 767.0 301
40 0 0 0 0 1299.5 17
44 0 0 0 0 1660.0 135
52 0 0 0 0 1171.5 319
75 0 0 0 0 1719.5 142
None
16
1 0 0 0 0 1247.5 183
3 0 0 0 0 1633.0 303
4 0 0 0 0 1673.5 449
5 0 0 0 0 1454.5 398
6 0 0 0 0 261.0 119
8 0 0 0 0 875.0 24
9 0 0 0 0 702.5 23
14 0 0 0 0 1424.5 59
21 0 0 0 0 1011.0 160
22 0 0 0 0 1593.5 123
30 0 0 0 0 1459.0 222
36 0 0 0 0 766.0 303
40 0 0 0 0 1299.5 17
44 0 0 0 0 1660.0 135
52 0 0 0 0 1174.5 319
75 0 0 0 0 1719.5 142
None
19
1 0 0 0 0 1246.0 182
3 0 0 0 0 1633.0 304
4 0 0 0 0 1674.0 446
5 0 0 0 0 1460.0 399
6 0 0 0 0 261.5 119
8 0 0 0 0 875.5 24
9 0 0 0 0 703.5 22
14 0 0 0 0 1424.5 59
20 0 0 0 0 1719.5 143
21 0 0 0 0 1010.5 160
22 0 0 0 0 1592.5 124
26 0 0 0 0 1375.0 28
30 0 0 0 0 1458.5 221
36 0 0 0 0 762.5 305
40 0 0 0 0 1299.5 17
44 0 0 0 0 1659.5 135
52 0 0 0 0 1178.5 321
75 0 0 0 0 1718.5 141
89 0 0 0 0 1393.5 53
None
19
1 0 0 0 0 1243.5 182
3 0 0 0 0 1635.0 304
4 0 0 0 0 1674.0 444
5 0 0 0 0 1469.0 400
6 0 0 0 0 261.5 118
8 0 0 0 0 876.5 22
9 0 0 0 0 705.5 22
10 0 0 0 0 1162.0 36
14 0 0 0 0 1425.0 59
15 0 0 0 0 1148.5 36
20 0 0 0 0 1719.0 143
21 0 0 0 0 1011.0 160
22 0 0 0 0 1591.5 124
26 0 0 0 0 1374.5 29
30 0 0 0 0 1459.0 221
36 0 0 0 0 758.5 307
44 0 0 0 0 1659.5 135
52 0 0 0 0 1181.0 324
89 0 0 0 0 1393.0 52
None
19
1 0 0 0 0 1242.5 182
3 0 0 0 0 1635.5 304
4 0 0 0 0 1674.0 444
5 0 0 0 0 1472.0 401
6 0 0 0 0 261.5 118
8 0 0 0 0 877.0 22
9 0 0 0 0 706.5 21
10 0 0 0 0 1162.0 36
14 0 0 0 0 1425.0 59
15 0 0 0 0 1148.5 35
20 0 0 0 0 1718.0 143
21 0 0 0 0 1011.0 160
22 0 0 0 0 1591.0 124
26 0 0 0 0 1374.5 29
30 0 0 0 0 1458.5 220
36 0 0 0 0 757.5 307
44 0 0 0 0 1659.5 135
52 0 0 0 0 1182.5 325
89 0 0 0 0 1393.0 52
None
19
1 0 0 0 0 1241.0 180
3 0 0 0 0 1636.0 304
4 0 0 0 0 1665.0 435
5 0 0 0 0 1481.5 411
6 0 0 0 0 261.5 118
8 0 0 0 0 877.0 21
9 0 0 0 0 707.0 22
10 0 0 0 0 1162.0 35
14 0 0 0 0 1425.0 58
15 0 0 0 0 1148.5 35
20 0 0 0 0 1719.0 143
21 0 0 0 0 1011.5 160
22 0 0 0 0 1590.5 126
26 0 0 0 0 1374.0 29
30 0 0 0 0 1459.0 220
36 0 0 0 0 754.0 311
44 0 0 0 0 1659.0 135
52 0 0 0 0 1190.0 327
89 0 0 0 0 1393.0 52
None
20
1 0 0 0 0 1238.0 178
3 0 0 0 0 1638.0 299
4 0 0 0 0 1660.0 444
5 0 0 0 0 1491.5 430
6 0 0 0 0 261.5 118
8 0 0 0 0 877.0 21
9 0 0 0 0 709.0 23
10 0 0 0 0 1162.0 35
14 0 0 0 0 1424.5 58
15 0 0 0 0 1148.0 35
20 0 0 0 0 1719.0 143
21 0 0 0 0 1011.5 160
22 0 0 0 0 1589.5 127
29 0 0 0 0 1400.5 1079
30 0 0 0 0 1458.0 220
36 0 0 0 0 751.5 314
44 0 0 0 0 1659.0 135
52 0 0 0 0 1191.5 327
75 0 0 0 0 1719.0 141
89 0 0 0 0 1391.0 52
None
19
1 0 0 0 0 1237.5 178
3 0 0 0 0 1638.0 297
4 0 0 0 0 1658.0 447
5 0 0 0 0 1495.5 437
6 0 0 0 0 261.5 118
8 0 0 0 0 877.0 21
9 0 0 0 0 710.0 23
10 0 0 0 0 1162.0 35
14 0 0 0 0 1425.0 58
15 0 0 0 0 1148.0 35
21 0 0 0 0 1011.5 160
22 0 0 0 0 1589.0 127
29 0 0 0 0 1399.5 1079
30 0 0 0 0 1458.0 220
36 0 0 0 0 751.0 316
44 0 0 0 0 1659.0 135
52 0 0 0 0 1192.0 327
75 0 0 0 0 1718.5 141
89 0 0 0 0 1390.5 52
None
20
1 0 0 0 0 1236.5 177
3 0 0 0 0 1639.5 289
4 0 0 0 0 1650.0 454
5 0 0 0 0 1503.0 450
6 0 0 0 0 261.5 118
8 0 0 0 0 877.0 22
9 0 0 0 0 712.0 22
10 0 0 0 0 1162.0 35
14 0 0 0 0 1425.0 59
15 0 0 0 0 1148.0 35
21 0 0 0 0 1011.5 161
22 0 0 0 0 1589.0 128
26 0 0 0 0 1372.0 30
29 0 0 0 0 1397.5 1079
30 0 0 0 0 1458.5 219
36 0 0 0 0 748.5 319
44 0 0 0 0 1658.5 135
52 0 0 0 0 1193.5 327
75 0 0 0 0 1717.5 140
89 0 0 0 0 1390.0 52
None
20
1 0 0 0 0 1236.5 177
2 0 0 0 0 1621.0 105
3 0 0 0 0 1639.0 283
4 0 0 0 0 1642.0 460
5 0 0 0 0 1512.5 453
6 0 0 0 0 261.5 118
8 0 0 0 0 877.5 22
9 0 0 0 0 714.0 23
10 0 0 0 0 1162.0 35
12 0 0 0 0 1266.0 17
14 0 0 0 0 1424.0 59
15 0 0 0 0 1148.0 35
21 0 0 0 0 1015.0 162
22 0 0 0 0 1589.0 128
26 0 0 0 0 1371.0 31
30 0 0 0 0 1459.0 219
36 0 0 0 0 742.5 317
44 0 0 0 0 1658.5 135
52 0 0 0 0 1201.5 327
75 0 0 0 0 1716.0 139
None
19
1 0 0 0 0 1237.0 176
2 0 0 0 0 1622.0 105
3 0 0 0 0 1639.0 281
4 0 0 0 0 1639.0 463
5 0 0 0 0 1515.5 454
6 0 0 0 0 261.5 118
8 0 0 0 0 877.5 22
9 0 0 0 0 714.0 23
12 0 0 0 0 1266.5 18
14 0 0 0 0 1423.5 59
21 0 0 0 0 1017.0 162
22 0 0 0 0 1589.0 128
26 0 0 0 0 1371.0 31
30 0 0 0 0 1459.0 219
36 0 0 0 0 740.5 317
44 0 0 0 0 1658.0 135
52 0 0 0 0 1204.0 328
75 0 0 0 0 1715.5 139
92 0 0 0 0 32.0 683
None
19
1 0 0 0 0 1237.0 177
2 0 0 0 0 1621.0 105
3 0 0 0 0 1639.5 274
4 0 0 0 0 1638.5 463
5 0 0 0 0 1520.5 455
6 0 0 0 0 261.5 118
8 0 0 0 0 878.0 22
9 0 0 0 0 715.0 22
12 0 0 0 0 1266.5 18
14 0 0 0 0 1423.0 59
21 0 0 0 0 1018.0 164
22 0 0 0 0 1589.0 127
26 0 0 0 0 1370.5 30
30 0 0 0 0 1460.0 219
36 0 0 0 0 734.5 317
44 0 0 0 0 1656.5 135
52 0 0 0 0 1215.0 327
75 0 0 0 0 1714.0 139
92 0 0 0 0 28.5 686
None
23
1 0 0 0 0 1236.0 177
2 0 0 0 0 1620.5 106
3 0 0 0 0 1639.0 271
4 0 0 0 0 1630.5 461
5 0 0 0 0 1529.0 463
6 0 0 0 0 262.0 118
8 0 0 0 0 877.5 22
9 0 0 0 0 715.5 22
10 0 0 0 0 1162.5 37
12 0 0 0 0 1267.0 17
14 0 0 0 0 1423.0 59
15 0 0 0 0 1148.5 37
21 0 0 0 0 1017.0 165
22 0 0 0 0 1589.5 127
23 0 0 0 0 1094.5 30
26 0 0 0 0 1370.0 31
30 0 0 0 0 1460.0 219
36 0 0 0 0 729.0 320
40 0 0 0 0 1294.5 17
44 0 0 0 0 1656.5 135
52 0 0 0 0 1221.5 327
75 0 0 0 0 1712.5 138
92 0 0 0 0 29.5 686
None
21
1 0 0 0 0 1236.5 176
2 0 0 0 0 1620.0 106
3 0 0 0 0 1639.0 270
4 0 0 0 0 1627.0 460
5 0 0 0 0 1532.0 466
6 0 0 0 0 261.5 118
8 0 0 0 0 877.5 22
9 0 0 0 0 716.0 22
10 0 0 0 0 1162.5 37
12 0 0 0 0 1267.0 17
15 0 0 0 0 1149.0 37
21 0 0 0 0 1016.5 166
22 0 0 0 0 1589.0 127
23 0 0 0 0 1095.0 30
26 0 0 0 0 1370.0 31
30 0 0 0 0 1460.0 219
36 0 0 0 0 726.5 322
40 0 0 0 0 1294.5 16
44 0 0 0 0 1656.5 135
52 0 0 0 0 1225.0 327
75 0 0 0 0 1712.0 138
None
23
1 0 0 0 0 1237.0 176
2 0 0 0 0 1617.0 105
3 0 0 0 0 1638.0 268
4 0 0 0 0 1624.5 459
5 0 0 0 0 1534.0 485
6 0 0 0 0 262.0 119
8 0 0 0 0 878.0 22
9 0 0 0 0 716.5 21
10 0 0 0 0 1162.5 38
12 0 0 0 0 1267.5 17
13 0 0 0 0 874.5 17
14 0 0 0 0 1425.0 59
15 0 0 0 0 1149.0 38
21 0 0 0 0 1016.5 168
22 0 0 0 0 1589.5 127
23 0 0 0 0 1095.0 30
26 0 0 0 0 1369.5 32
30 0 0 0 0 1458.5 220
36 0 0 0 0 721.5 325
40 0 0 0 0 1294.0 18
44 0 0 0 0 1656.5 135
52 0 0 0 0 1234.5 331
75 0 0 0 0 1711.5 137
